{
    "camera_angle_x": 0.8279103882874479,
    "frames": [
        {
            "transform_matrix": [
                [
                    1.0,
                    0.0,
                    0.0,
                    -0.0
                ],
                [
                    0.0,
                    -1.0,
                    0.0,
                    -0.0
                ],
                [
                    0.0,
                    0.0,
                    -1.0,
                    -0.0
                ]
            ]
        },
        {
            "transform_matrix": [
                [
                    0.9999904807207345,
                    0.0,
                    0.004363309284746571,
                    -0.0
                ],
                [
                    0.0,
                    -1.0,
                    0.0,
                    -0.0
                ],
                [
                    0.004363309284746571,
                    0.0,
                    -0.9999904807207345,
                    -0.0
                ]
            ]
        },
        {
            "transform_matrix": [
                [
                    0.9999619230641713,
                    0.0,
                    0.008726535498373935,
                    -0.0
                ],
                [
                    0.0,
                    -1.0,
                    0.0,
                    -0.0
                ],
                [
                    0.008726535498373935,
                    0.0,
                    -0.9999619230641713,
                    -0.0
                ]
            ]
        },
        {
            "transform_matrix": [
                [
                    0.999914327574007,
                    0.0,
                    0.01308959557134444,
                    -0.0
                ],
                [
                    0.0,
                    -1.0,
                    0.0,
                    -0.0
                ],
                [
                    0.01308959557134444,
                    0.0,
                    -0.999914327574007,
                    -0.0
                ]
            ]
        },
        {
            "transform_matrix": [
                [
                    0.9998476951563913,
                    0.0,
                    0.01745240643728351,
                    -0.0
                ],
                [
                    0.0,
                    -1.0,
                    0.0,
                    -0.0
                ],
                [
                    0.01745240643728351,
                    0.0,
                    -0.9998476951563913,
                    -0.0
                ]
            ]
        },
        {
            "transform_matrix": [
                [
                    0.9997620270799091,
                    0.0,
                    0.02181488503456112,
                    -0.0
                ],
                [
                    0.0,
                    -1.0,
                    0.0,
                    -0.0
                ],
                [
                    0.02181488503456112,
                    0.0,
                    -0.9997620270799091,
                    -0.0
                ]
            ]
        },
        {
            "transform_matrix": [
                [
                    0.9996573249755573,
                    0.0,
                    0.02617694830787315,
                    -0.0
                ],
                [
                    0.0,
                    -1.0,
                    0.0,
                    -0.0
                ],
                [
                    0.02617694830787315,
                    0.0,
                    -0.9996573249755573,
                    -0.0
                ]
            ]
        },
        {
            "transform_matrix": [
                [
                    0.9995335908367129,
                    0.0,
                    0.03053851320982266,
                    -0.0
                ],
                [
                    0.0,
                    -1.0,
                    0.0,
                    -0.0
                ],
                [
                    0.03053851320982266,
                    0.0,
                    -0.9995335908367129,
                    -0.0
                ]
            ]
        },
        {
            "transform_matrix": [
                [
                    0.9993908270190958,
                    0.0,
                    0.03489949670250097,
                    -0.0
                ],
                [
                    0.0,
                    -1.0,
                    0.0,
                    -0.0
                ],
                [
                    0.03489949670250097,
                    0.0,
                    -0.9993908270190958,
                    -0.0
                ]
            ]
        },
        {
            "transform_matrix": [
                [
                    0.9992290362407229,
                    0.0,
                    0.03925981575906861,
                    -0.0
                ],
                [
                    0.0,
                    -1.0,
                    0.0,
                    -0.0
                ],
                [
                    0.03925981575906861,
                    0.0,
                    -0.9992290362407229,
                    -0.0
                ]
            ]
        },
        {
            "transform_matrix": [
                [
                    0.9990482215818578,
                    0.0,
                    0.043619387365336,
                    -0.0
                ],
                [
                    0.0,
                    -1.0,
                    0.0,
                    -0.0
                ],
                [
                    0.043619387365336,
                    0.0,
                    -0.9990482215818578,
                    -0.0
                ]
            ]
        },
        {
            "transform_matrix": [
                [
                    0.9988483864849507,
                    0.0,
                    0.04797812852134394,
                    -0.0
                ],
                [
                    0.0,
                    -1.0,
                    0.0,
                    -0.0
                ],
                [
                    0.04797812852134394,
                    0.0,
                    -0.9988483864849507,
                    -0.0
                ]
            ]
        },
        {
            "transform_matrix": [
                [
                    0.9986295347545738,
                    0.0,
                    0.05233595624294383,
                    -0.0
                ],
                [
                    0.0,
                    -1.0,
                    0.0,
                    -0.0
                ],
                [
                    0.05233595624294383,
                    0.0,
                    -0.9986295347545738,
                    -0.0
                ]
            ]
        },
        {
            "transform_matrix": [
                [
                    0.9983916705573488,
                    0.0,
                    0.056692787563377506,
                    -0.0
                ],
                [
                    0.0,
                    -1.0,
                    0.0,
                    -0.0
                ],
                [
                    0.056692787563377506,
                    0.0,
                    -0.9983916705573488,
                    -0.0
                ]
            ]
        },
        {
            "transform_matrix": [
                [
                    0.9981347984218669,
                    0.0,
                    0.06104853953485687,
                    -0.0
                ],
                [
                    0.0,
                    -1.0,
                    0.0,
                    -0.0
                ],
                [
                    0.06104853953485687,
                    0.0,
                    -0.9981347984218669,
                    -0.0
                ]
            ]
        },
        {
            "transform_matrix": [
                [
                    0.9978589232386035,
                    0.0,
                    0.06540312923014306,
                    -0.0
                ],
                [
                    0.0,
                    -1.0,
                    0.0,
                    -0.0
                ],
                [
                    0.06540312923014306,
                    0.0,
                    -0.9978589232386035,
                    -0.0
                ]
            ]
        },
        {
            "transform_matrix": [
                [
                    0.9975640502598242,
                    0.0,
                    0.0697564737441253,
                    -0.0
                ],
                [
                    0.0,
                    -1.0,
                    0.0,
                    -0.0
                ],
                [
                    0.0697564737441253,
                    0.0,
                    -0.9975640502598242,
                    -0.0
                ]
            ]
        },
        {
            "transform_matrix": [
                [
                    0.9972501850994857,
                    0.0,
                    0.07410849019539922,
                    -0.0
                ],
                [
                    0.0,
                    -1.0,
                    0.0,
                    -0.0
                ],
                [
                    0.07410849019539922,
                    0.0,
                    -0.9972501850994857,
                    -0.0
                ]
            ]
        },
        {
            "transform_matrix": [
                [
                    0.996917333733128,
                    0.0,
                    0.07845909572784494,
                    -0.0
                ],
                [
                    0.0,
                    -1.0,
                    0.0,
                    -0.0
                ],
                [
                    0.07845909572784494,
                    0.0,
                    -0.996917333733128,
                    -0.0
                ]
            ]
        },
        {
            "transform_matrix": [
                [
                    0.9965655024977614,
                    0.0,
                    0.08280820751220434,
                    -0.0
                ],
                [
                    0.0,
                    -1.0,
                    0.0,
                    -0.0
                ],
                [
                    0.08280820751220434,
                    0.0,
                    -0.9965655024977614,
                    -0.0
                ]
            ]
        },
        {
            "transform_matrix": [
                [
                    0.9961946980917455,
                    0.0,
                    0.08715574274765817,
                    -0.0
                ],
                [
                    0.0,
                    -1.0,
                    0.0,
                    -0.0
                ],
                [
                    0.08715574274765817,
                    0.0,
                    -0.9961946980917455,
                    -0.0
                ]
            ]
        },
        {
            "transform_matrix": [
                [
                    0.9958049275746618,
                    0.0,
                    0.09150161866340238,
                    -0.0
                ],
                [
                    0.0,
                    -1.0,
                    0.0,
                    -0.0
                ],
                [
                    0.09150161866340238,
                    0.0,
                    -0.9958049275746618,
                    -0.0
                ]
            ]
        },
        {
            "transform_matrix": [
                [
                    0.9953961983671789,
                    0.0,
                    0.09584575252022398,
                    -0.0
                ],
                [
                    0.0,
                    -1.0,
                    0.0,
                    -0.0
                ],
                [
                    0.09584575252022398,
                    0.0,
                    -0.9953961983671789,
                    -0.0
                ]
            ]
        },
        {
            "transform_matrix": [
                [
                    0.9949685182509117,
                    0.0,
                    0.10018806161207627,
                    -0.0
                ],
                [
                    0.0,
                    -1.0,
                    0.0,
                    -0.0
                ],
                [
                    0.10018806161207627,
                    0.0,
                    -0.9949685182509117,
                    -0.0
                ]
            ]
        },
        {
            "transform_matrix": [
                [
                    0.9945218953682733,
                    0.0,
                    0.10452846326765346,
                    -0.0
                ],
                [
                    0.0,
                    -1.0,
                    0.0,
                    -0.0
                ],
                [
                    0.10452846326765346,
                    0.0,
                    -0.9945218953682733,
                    -0.0
                ]
            ]
        },
        {
            "transform_matrix": [
                [
                    0.9940563382223196,
                    0.0,
                    0.10886687485196457,
                    -0.0
                ],
                [
                    0.0,
                    -1.0,
                    0.0,
                    -0.0
                ],
                [
                    0.10886687485196457,
                    0.0,
                    -0.9940563382223196,
                    -0.0
                ]
            ]
        },
        {
            "transform_matrix": [
                [
                    0.9935718556765875,
                    0.0,
                    0.11320321376790671,
                    -0.0
                ],
                [
                    0.0,
                    -1.0,
                    0.0,
                    -0.0
                ],
                [
                    0.11320321376790671,
                    0.0,
                    -0.9935718556765875,
                    -0.0
                ]
            ]
        },
        {
            "transform_matrix": [
                [
                    0.9930684569549263,
                    0.0,
                    0.11753739745783764,
                    -0.0
                ],
                [
                    0.0,
                    -1.0,
                    0.0,
                    -0.0
                ],
                [
                    0.11753739745783764,
                    0.0,
                    -0.9930684569549263,
                    -0.0
                ]
            ]
        },
        {
            "transform_matrix": [
                [
                    0.992546151641322,
                    0.0,
                    0.12186934340514748,
                    -0.0
                ],
                [
                    0.0,
                    -1.0,
                    0.0,
                    -0.0
                ],
                [
                    0.12186934340514748,
                    0.0,
                    -0.992546151641322,
                    -0.0
                ]
            ]
        },
        {
            "transform_matrix": [
                [
                    0.992004949679715,
                    0.0,
                    0.12619896913582976,
                    -0.0
                ],
                [
                    0.0,
                    -1.0,
                    0.0,
                    -0.0
                ],
                [
                    0.12619896913582976,
                    0.0,
                    -0.992004949679715,
                    -0.0
                ]
            ]
        },
        {
            "transform_matrix": [
                [
                    0.9914448613738104,
                    0.0,
                    0.13052619222005157,
                    -0.0
                ],
                [
                    0.0,
                    -1.0,
                    0.0,
                    -0.0
                ],
                [
                    0.13052619222005157,
                    0.0,
                    -0.9914448613738104,
                    -0.0
                ]
            ]
        },
        {
            "transform_matrix": [
                [
                    0.9908658973868822,
                    0.0,
                    0.134850930273723,
                    -0.0
                ],
                [
                    0.0,
                    -1.0,
                    0.0,
                    -0.0
                ],
                [
                    0.134850930273723,
                    0.0,
                    -0.9908658973868822,
                    -0.0
                ]
            ]
        },
        {
            "transform_matrix": [
                [
                    0.9902680687415704,
                    0.0,
                    0.13917310096006544,
                    -0.0
                ],
                [
                    0.0,
                    -1.0,
                    0.0,
                    -0.0
                ],
                [
                    0.13917310096006544,
                    0.0,
                    -0.9902680687415704,
                    -0.0
                ]
            ]
        },
        {
            "transform_matrix": [
                [
                    0.9896513868196702,
                    0.0,
                    0.1434926219911793,
                    -0.0
                ],
                [
                    0.0,
                    -1.0,
                    0.0,
                    -0.0
                ],
                [
                    0.1434926219911793,
                    0.0,
                    -0.9896513868196702,
                    -0.0
                ]
            ]
        },
        {
            "transform_matrix": [
                [
                    0.9890158633619168,
                    0.0,
                    0.1478094111296106,
                    -0.0
                ],
                [
                    0.0,
                    -1.0,
                    0.0,
                    -0.0
                ],
                [
                    0.1478094111296106,
                    0.0,
                    -0.9890158633619168,
                    -0.0
                ]
            ]
        },
        {
            "transform_matrix": [
                [
                    0.9883615104677607,
                    0.0,
                    0.1521233861899167,
                    -0.0
                ],
                [
                    0.0,
                    -1.0,
                    0.0,
                    -0.0
                ],
                [
                    0.1521233861899167,
                    0.0,
                    -0.9883615104677607,
                    -0.0
                ]
            ]
        },
        {
            "transform_matrix": [
                [
                    0.9876883405951378,
                    0.0,
                    0.15643446504023087,
                    -0.0
                ],
                [
                    0.0,
                    -1.0,
                    0.0,
                    -0.0
                ],
                [
                    0.15643446504023087,
                    0.0,
                    -0.9876883405951378,
                    -0.0
                ]
            ]
        },
        {
            "transform_matrix": [
                [
                    0.9869963665602319,
                    0.0,
                    0.1607425656038261,
                    -0.0
                ],
                [
                    0.0,
                    -1.0,
                    0.0,
                    -0.0
                ],
                [
                    0.1607425656038261,
                    0.0,
                    -0.9869963665602319,
                    -0.0
                ]
            ]
        },
        {
            "transform_matrix": [
                [
                    0.9862856015372314,
                    0.0,
                    0.16504760586067765,
                    -0.0
                ],
                [
                    0.0,
                    -1.0,
                    0.0,
                    -0.0
                ],
                [
                    0.16504760586067765,
                    0.0,
                    -0.9862856015372314,
                    -0.0
                ]
            ]
        },
        {
            "transform_matrix": [
                [
                    0.9855560590580777,
                    0.0,
                    0.1693495038490246,
                    -0.0
                ],
                [
                    0.0,
                    -1.0,
                    0.0,
                    -0.0
                ],
                [
                    0.1693495038490246,
                    0.0,
                    -0.9855560590580777,
                    -0.0
                ]
            ]
        },
        {
            "transform_matrix": [
                [
                    0.984807753012208,
                    0.0,
                    0.17364817766693033,
                    -0.0
                ],
                [
                    0.0,
                    -1.0,
                    0.0,
                    -0.0
                ],
                [
                    0.17364817766693033,
                    0.0,
                    -0.984807753012208,
                    -0.0
                ]
            ]
        },
        {
            "transform_matrix": [
                [
                    0.9840406976462909,
                    0.0,
                    0.17794354547384175,
                    -0.0
                ],
                [
                    0.0,
                    -1.0,
                    0.0,
                    -0.0
                ],
                [
                    0.17794354547384175,
                    0.0,
                    -0.9840406976462909,
                    -0.0
                ]
            ]
        },
        {
            "transform_matrix": [
                [
                    0.9832549075639546,
                    0.0,
                    0.18223552549214747,
                    -0.0
                ],
                [
                    0.0,
                    -1.0,
                    0.0,
                    -0.0
                ],
                [
                    0.18223552549214747,
                    0.0,
                    -0.9832549075639546,
                    -0.0
                ]
            ]
        },
        {
            "transform_matrix": [
                [
                    0.9824503977255097,
                    0.0,
                    0.18652403600873463,
                    -0.0
                ],
                [
                    0.0,
                    -1.0,
                    0.0,
                    -0.0
                ],
                [
                    0.18652403600873463,
                    0.0,
                    -0.9824503977255097,
                    -0.0
                ]
            ]
        },
        {
            "transform_matrix": [
                [
                    0.981627183447664,
                    0.0,
                    0.1908089953765448,
                    -0.0
                ],
                [
                    0.0,
                    -1.0,
                    0.0,
                    -0.0
                ],
                [
                    0.1908089953765448,
                    0.0,
                    -0.981627183447664,
                    -0.0
                ]
            ]
        },
        {
            "transform_matrix": [
                [
                    0.9807852804032304,
                    0.0,
                    0.19509032201612825,
                    -0.0
                ],
                [
                    0.0,
                    -1.0,
                    0.0,
                    -0.0
                ],
                [
                    0.19509032201612825,
                    0.0,
                    -0.9807852804032304,
                    -0.0
                ]
            ]
        },
        {
            "transform_matrix": [
                [
                    0.9799247046208296,
                    0.0,
                    0.19936793441719716,
                    -0.0
                ],
                [
                    0.0,
                    -1.0,
                    0.0,
                    -0.0
                ],
                [
                    0.19936793441719716,
                    0.0,
                    -0.9799247046208296,
                    -0.0
                ]
            ]
        },
        {
            "transform_matrix": [
                [
                    0.9790454724845838,
                    0.0,
                    0.2036417511401775,
                    -0.0
                ],
                [
                    0.0,
                    -1.0,
                    0.0,
                    -0.0
                ],
                [
                    0.2036417511401775,
                    0.0,
                    -0.9790454724845838,
                    -0.0
                ]
            ]
        },
        {
            "transform_matrix": [
                [
                    0.9781476007338057,
                    0.0,
                    0.20791169081775931,
                    -0.0
                ],
                [
                    0.0,
                    -1.0,
                    0.0,
                    -0.0
                ],
                [
                    0.20791169081775931,
                    0.0,
                    -0.9781476007338057,
                    -0.0
                ]
            ]
        },
        {
            "transform_matrix": [
                [
                    0.9772311064626789,
                    0.0,
                    0.21217767215644623,
                    -0.0
                ],
                [
                    0.0,
                    -1.0,
                    0.0,
                    -0.0
                ],
                [
                    0.21217767215644623,
                    0.0,
                    -0.9772311064626789,
                    -0.0
                ]
            ]
        },
        {
            "transform_matrix": [
                [
                    0.9762960071199334,
                    0.0,
                    0.21643961393810288,
                    -0.0
                ],
                [
                    0.0,
                    -1.0,
                    0.0,
                    -0.0
                ],
                [
                    0.21643961393810288,
                    0.0,
                    -0.9762960071199334,
                    -0.0
                ]
            ]
        },
        {
            "transform_matrix": [
                [
                    0.9753423205085127,
                    0.0,
                    0.22069743502150108,
                    -0.0
                ],
                [
                    0.0,
                    -1.0,
                    0.0,
                    -0.0
                ],
                [
                    0.22069743502150108,
                    0.0,
                    -0.9753423205085127,
                    -0.0
                ]
            ]
        },
        {
            "transform_matrix": [
                [
                    0.9743700647852352,
                    0.0,
                    0.22495105434386498,
                    -0.0
                ],
                [
                    0.0,
                    -1.0,
                    0.0,
                    -0.0
                ],
                [
                    0.22495105434386498,
                    0.0,
                    -0.9743700647852352,
                    -0.0
                ]
            ]
        },
        {
            "transform_matrix": [
                [
                    0.9733792584604485,
                    0.0,
                    0.22920039092241415,
                    -0.0
                ],
                [
                    0.0,
                    -1.0,
                    0.0,
                    -0.0
                ],
                [
                    0.22920039092241415,
                    0.0,
                    -0.9733792584604485,
                    -0.0
                ]
            ]
        },
        {
            "transform_matrix": [
                [
                    0.9723699203976766,
                    0.0,
                    0.2334453638559054,
                    -0.0
                ],
                [
                    0.0,
                    -1.0,
                    0.0,
                    -0.0
                ],
                [
                    0.2334453638559054,
                    0.0,
                    -0.9723699203976766,
                    -0.0
                ]
            ]
        },
        {
            "transform_matrix": [
                [
                    0.9713420698132614,
                    0.0,
                    0.2376858923261731,
                    -0.0
                ],
                [
                    0.0,
                    -1.0,
                    0.0,
                    -0.0
                ],
                [
                    0.2376858923261731,
                    0.0,
                    -0.9713420698132614,
                    -0.0
                ]
            ]
        },
        {
            "transform_matrix": [
                [
                    0.9702957262759965,
                    0.0,
                    0.24192189559966773,
                    -0.0
                ],
                [
                    0.0,
                    -1.0,
                    0.0,
                    -0.0
                ],
                [
                    0.24192189559966773,
                    0.0,
                    -0.9702957262759965,
                    -0.0
                ]
            ]
        },
        {
            "transform_matrix": [
                [
                    0.9692309097067544,
                    0.0,
                    0.24615329302899303,
                    -0.0
                ],
                [
                    0.0,
                    -1.0,
                    0.0,
                    -0.0
                ],
                [
                    0.24615329302899303,
                    0.0,
                    -0.9692309097067544,
                    -0.0
                ]
            ]
        },
        {
            "transform_matrix": [
                [
                    0.9681476403781077,
                    0.0,
                    0.25038000405444144,
                    -0.0
                ],
                [
                    0.0,
                    -1.0,
                    0.0,
                    -0.0
                ],
                [
                    0.25038000405444144,
                    0.0,
                    -0.9681476403781077,
                    -0.0
                ]
            ]
        },
        {
            "transform_matrix": [
                [
                    0.9670459389139432,
                    0.0,
                    0.25460194820552756,
                    -0.0
                ],
                [
                    0.0,
                    -1.0,
                    0.0,
                    -0.0
                ],
                [
                    0.25460194820552756,
                    0.0,
                    -0.9670459389139432,
                    -0.0
                ]
            ]
        },
        {
            "transform_matrix": [
                [
                    0.9659258262890683,
                    0.0,
                    0.25881904510252074,
                    -0.0
                ],
                [
                    0.0,
                    -1.0,
                    0.0,
                    -0.0
                ],
                [
                    0.25881904510252074,
                    0.0,
                    -0.9659258262890683,
                    -0.0
                ]
            ]
        },
        {
            "transform_matrix": [
                [
                    0.964787323828813,
                    0.0,
                    0.2630312144579748,
                    -0.0
                ],
                [
                    0.0,
                    -1.0,
                    0.0,
                    -0.0
                ],
                [
                    0.2630312144579748,
                    0.0,
                    -0.964787323828813,
                    -0.0
                ]
            ]
        },
        {
            "transform_matrix": [
                [
                    0.963630453208623,
                    0.0,
                    0.26723837607825685,
                    -0.0
                ],
                [
                    0.0,
                    -1.0,
                    0.0,
                    -0.0
                ],
                [
                    0.26723837607825685,
                    0.0,
                    -0.963630453208623,
                    -0.0
                ]
            ]
        },
        {
            "transform_matrix": [
                [
                    0.9624552364536473,
                    0.0,
                    0.27144044986507426,
                    -0.0
                ],
                [
                    0.0,
                    -1.0,
                    0.0,
                    -0.0
                ],
                [
                    0.27144044986507426,
                    0.0,
                    -0.9624552364536473,
                    -0.0
                ]
            ]
        },
        {
            "transform_matrix": [
                [
                    0.9612616959383189,
                    0.0,
                    0.27563735581699916,
                    -0.0
                ],
                [
                    0.0,
                    -1.0,
                    0.0,
                    -0.0
                ],
                [
                    0.27563735581699916,
                    0.0,
                    -0.9612616959383189,
                    -0.0
                ]
            ]
        },
        {
            "transform_matrix": [
                [
                    0.9600498543859287,
                    0.0,
                    0.2798290140309921,
                    -0.0
                ],
                [
                    0.0,
                    -1.0,
                    0.0,
                    -0.0
                ],
                [
                    0.2798290140309921,
                    0.0,
                    -0.9600498543859287,
                    -0.0
                ]
            ]
        },
        {
            "transform_matrix": [
                [
                    0.958819734868193,
                    0.0,
                    0.2840153447039226,
                    -0.0
                ],
                [
                    0.0,
                    -1.0,
                    0.0,
                    -0.0
                ],
                [
                    0.2840153447039226,
                    0.0,
                    -0.958819734868193,
                    -0.0
                ]
            ]
        },
        {
            "transform_matrix": [
                [
                    0.9575713608048144,
                    0.0,
                    0.28819626813408933,
                    -0.0
                ],
                [
                    0.0,
                    -1.0,
                    0.0,
                    -0.0
                ],
                [
                    0.28819626813408933,
                    0.0,
                    -0.9575713608048144,
                    -0.0
                ]
            ]
        },
        {
            "transform_matrix": [
                [
                    0.9563047559630355,
                    0.0,
                    0.2923717047227367,
                    -0.0
                ],
                [
                    0.0,
                    -1.0,
                    0.0,
                    -0.0
                ],
                [
                    0.2923717047227367,
                    0.0,
                    -0.9563047559630355,
                    -0.0
                ]
            ]
        },
        {
            "transform_matrix": [
                [
                    0.9550199444571866,
                    0.0,
                    0.296541574975571,
                    -0.0
                ],
                [
                    0.0,
                    -1.0,
                    0.0,
                    -0.0
                ],
                [
                    0.296541574975571,
                    0.0,
                    -0.9550199444571866,
                    -0.0
                ]
            ]
        },
        {
            "transform_matrix": [
                [
                    0.9537169507482269,
                    0.0,
                    0.3007057995042731,
                    -0.0
                ],
                [
                    0.0,
                    -1.0,
                    0.0,
                    -0.0
                ],
                [
                    0.3007057995042731,
                    0.0,
                    -0.9537169507482269,
                    -0.0
                ]
            ]
        },
        {
            "transform_matrix": [
                [
                    0.9523957996432784,
                    0.0,
                    0.30486429902801077,
                    -0.0
                ],
                [
                    0.0,
                    -1.0,
                    0.0,
                    -0.0
                ],
                [
                    0.30486429902801077,
                    0.0,
                    -0.9523957996432784,
                    -0.0
                ]
            ]
        },
        {
            "transform_matrix": [
                [
                    0.9510565162951535,
                    0.0,
                    0.3090169943749474,
                    -0.0
                ],
                [
                    0.0,
                    -1.0,
                    0.0,
                    -0.0
                ],
                [
                    0.3090169943749474,
                    0.0,
                    -0.9510565162951535,
                    -0.0
                ]
            ]
        },
        {
            "transform_matrix": [
                [
                    0.949699126201877,
                    0.0,
                    0.31316380648374953,
                    -0.0
                ],
                [
                    0.0,
                    -1.0,
                    0.0,
                    -0.0
                ],
                [
                    0.31316380648374953,
