{
    "camera_angle_x": 0.9934924659449375,
    "frames": [
        {
            "transform_matrix": [
                [
                    1.0,
                    0.0,
                    0.0,
                    -0.0
                ],
                [
                    0.0,
                    -1.0,
                    0.0,
                    -0.0
                ],
                [
                    0.0,
                    0.0,
                    -1.0,
                    -0.0
                ]
            ]
        },
        {
            "transform_matrix": [
                [
                    0.9999619230641713,
                    0.0,
                    0.008726535498373935,
                    -0.0
                ],
                [
                    0.0,
                    -1.0,
                    0.0,
                    -0.0
                ],
                [
                    0.008726535498373935,
                    0.0,
                    -0.9999619230641713,
                    -0.0
                ]
            ]
        },
        {
            "transform_matrix": [
                [
                    0.9998476951563913,
                    0.0,
                    0.01745240643728351,
                    -0.0
                ],
                [
                    0.0,
                    -1.0,
                    0.0,
                    -0.0
                ],
                [
                    0.01745240643728351,
                    0.0,
                    -0.9998476951563913,
                    -0.0
                ]
            ]
        },
        {
            "transform_matrix": [
                [
                    0.9996573249755573,
                    0.0,
                    0.02617694830787315,
                    -0.0
                ],
                [
                    0.0,
                    -1.0,
                    0.0,
                    -0.0
                ],
                [
                    0.02617694830787315,
                    0.0,
                    -0.9996573249755573,
                    -0.0
                ]
            ]
        },
        {
            "transform_matrix": [
                [
                    0.9993908270190958,
                    0.0,
                    0.03489949670250097,
                    -0.0
                ],
                [
                    0.0,
                    -1.0,
                    0.0,
                    -0.0
                ],
                [
                    0.03489949670250097,
                    0.0,
                    -0.9993908270190958,
                    -0.0
                ]
            ]
        },
        {
            "transform_matrix": [
                [
                    0.9990482215818578,
                    0.0,
                    0.043619387365336,
                    -0.0
                ],
                [
                    0.0,
                    -1.0,
                    0.0,
                    -0.0
                ],
                [
                    0.043619387365336,
                    0.0,
                    -0.9990482215818578,
                    -0.0
                ]
            ]
        },
        {
            "transform_matrix": [
                [
                    0.9986295347545738,
                    0.0,
                    0.05233595624294383,
                    -0.0
                ],
                [
                    0.0,
                    -1.0,
                    0.0,
                    -0.0
                ],
                [
                    0.05233595624294383,
                    0.0,
                    -0.9986295347545738,
                    -0.0
                ]
            ]
        },
        {
            "transform_matrix": [
                [
                    0.9981347984218669,
                    0.0,
                    0.06104853953485687,
                    -0.0
                ],
                [
                    0.0,
                    -1.0,
                    0.0,
                    -0.0
                ],
                [
                    0.06104853953485687,
                    0.0,
                    -0.9981347984218669,
                    -0.0
                ]
            ]
        },
        {
            "transform_matrix": [
                [
                    0.9975640502598242,
                    0.0,
                    0.0697564737441253,
                    -0.0
                ],
                [
                    0.0,
                    -1.0,
                    0.0,
                    -0.0
                ],
                [
                    0.0697564737441253,
                    0.0,
                    -0.9975640502598242,
                    -0.0
                ]
            ]
        },
        {
            "transform_matrix": [
                [
                    0.996917333733128,
                    0.0,
                    0.07845909572784494,
                    -0.0
                ],
                [
                    0.0,
                    -1.0,
                    0.0,
                    -0.0
                ],
                [
                    0.07845909572784494,
                    0.0,
                    -0.996917333733128,
                    -0.0
                ]
            ]
        },
        {
            "transform_matrix": [
                [
                    0.9961946980917455,
                    0.0,
                    0.08715574274765817,
                    -0.0
                ],
                [
                    0.0,
                    -1.0,
                    0.0,
                    -0.0
                ],
                [
                    0.08715574274765817,
                    0.0,
                    -0.9961946980917455,
                    -0.0
                ]
            ]
        },
        {
            "transform_matrix": [
                [
                    0.9953961983671789,
                    0.0,
                    0.09584575252022398,
                    -0.0
                ],
                [
                    0.0,
                    -1.0,
                    0.0,
                    -0.0
                ],
                [
                    0.09584575252022398,
                    0.0,
                    -0.9953961983671789,
                    -0.0
                ]
            ]
        },
        {
            "transform_matrix": [
                [
                    0.9945218953682733,
                    0.0,
                    0.10452846326765346,
                    -0.0
                ],
                [
                    0.0,
                    -1.0,
                    0.0,
                    -0.0
                ],
                [
                    0.10452846326765346,
                    0.0,
                    -0.9945218953682733,
                    -0.0
                ]
            ]
        },
        {
            "transform_matrix": [
                [
                    0.9935718556765875,
                    0.0,
                    0.11320321376790671,
                    -0.0
                ],
                [
                    0.0,
                    -1.0,
                    0.0,
                    -0.0
                ],
                [
                    0.11320321376790671,
                    0.0,
                    -0.9935718556765875,
                    -0.0
                ]
            ]
        },
        {
            "transform_matrix": [
                [
                    0.992546151641322,
                    0.0,
                    0.12186934340514748,
                    -0.0
                ],
                [
                    0.0,
                    -1.0,
                    0.0,
                    -0.0
                ],
                [
                    0.12186934340514748,
                    0.0,
                    -0.992546151641322,
                    -0.0
                ]
            ]
        },
        {
            "transform_matrix": [
                [
                    0.9914448613738104,
                    0.0,
                    0.13052619222005157,
                    -0.0
                ],
                [
                    0.0,
                    -1.0,
                    0.0,
                    -0.0
                ],
                [
                    0.13052619222005157,
                    0.0,
                    -0.9914448613738104,
                    -0.0
                ]
            ]
        },
        {
            "transform_matrix": [
                [
                    0.9902680687415704,
                    0.0,
                    0.13917310096006544,
                    -0.0
                ],
                [
                    0.0,
                    -1.0,
                    0.0,
                    -0.0
                ],
                [
                    0.13917310096006544,
                    0.0,
                    -0.9902680687415704,
                    -0.0
                ]
            ]
        },
        {
            "transform_matrix": [
                [
                    0.9890158633619168,
                    0.0,
                    0.1478094111296106,
                    -0.0
                ],
                [
                    0.0,
                    -1.0,
                    0.0,
                    -0.0
                ],
                [
                    0.1478094111296106,
                    0.0,
                    -0.9890158633619168,
                    -0.0
                ]
            ]
        },
        {
            "transform_matrix": [
                [
                    0.9876883405951378,
                    0.0,
                    0.15643446504023087,
                    -0.0
                ],
                [
                    0.0,
                    -1.0,
                    0.0,
                    -0.0
                ],
                [
                    0.15643446504023087,
                    0.0,
                    -0.9876883405951378,
                    -0.0
                ]
            ]
        },
        {
            "transform_matrix": [
                [
                    0.9862856015372314,
                    0.0,
                    0.16504760586067765,
                    -0.0
                ],
                [
                    0.0,
                    -1.0,
                    0.0,
                    -0.0
                ],
                [
                    0.16504760586067765,
                    0.0,
                    -0.9862856015372314,
                    -0.0
                ]
            ]
        },
        {
            "transform_matrix": [
                [
                    0.984807753012208,
                    0.0,
                    0.17364817766693033,
                    -0.0
                ],
                [
                    0.0,
                    -1.0,
                    0.0,
                    -0.0
                ],
                [
                    0.17364817766693033,
                    0.0,
                    -0.984807753012208,
                    -0.0
                ]
            ]
        },
        {
            "transform_matrix": [
                [
                    0.9832549075639546,
                    0.0,
                    0.18223552549214747,
                    -0.0
                ],
                [
                    0.0,
                    -1.0,
                    0.0,
                    -0.0
                ],
                [
                    0.18223552549214747,
                    0.0,
                    -0.9832549075639546,
                    -0.0
                ]
            ]
        },
        {
            "transform_matrix": [
                [
                    0.981627183447664,
                    0.0,
                    0.1908089953765448,
                    -0.0
                ],
                [
                    0.0,
                    -1.0,
                    0.0,
                    -0.0
                ],
                [
                    0.1908089953765448,
                    0.0,
                    -0.981627183447664,
                    -0.0
                ]
            ]
        },
        {
            "transform_matrix": [
                [
                    0.9799247046208296,
                    0.0,
                    0.19936793441719716,
                    -0.0
                ],
                [
                    0.0,
                    -1.0,
                    0.0,
                    -0.0
                ],
                [
                    0.19936793441719716,
                    0.0,
                    -0.9799247046208296,
                    -0.0
                ]
            ]
        },
        {
            "transform_matrix": [
                [
                    0.9781476007338057,
                    0.0,
                    0.20791169081775931,
                    -0.0
                ],
                [
                    0.0,
                    -1.0,
                    0.0,
                    -0.0
                ],
                [
                    0.20791169081775931,
                    0.0,
                    -0.9781476007338057,
                    -0.0
                ]
            ]
        },
        {
            "transform_matrix": [
                [
                    0.9762960071199334,
                    0.0,
                    0.21643961393810288,
                    -0.0
                ],
                [
                    0.0,
                    -1.0,
                    0.0,
                    -0.0
                ],
                [
                    0.21643961393810288,
                    0.0,
                    -0.9762960071199334,
                    -0.0
                ]
            ]
        },
        {
            "transform_matrix": [
                [
                    0.9743700647852352,
                    0.0,
                    0.22495105434386498,
                    -0.0
                ],
                [
                    0.0,
                    -1.0,
                    0.0,
                    -0.0
                ],
                [
                    0.22495105434386498,
                    0.0,
                    -0.9743700647852352,
                    -0.0
                ]
            ]
        },
        {
            "transform_matrix": [
                [
                    0.9723699203976766,
                    0.0,
                    0.2334453638559054,
                    -0.0
                ],
                [
                    0.0,
                    -1.0,
                    0.0,
                    -0.0
                ],
                [
                    0.2334453638559054,
                    0.0,
                    -0.9723699203976766,
                    -0.0
                ]
            ]
        },
        {
            "transform_matrix": [
                [
                    0.9702957262759965,
                    0.0,
                    0.24192189559966773,
                    -0.0
                ],
                [
                    0.0,
                    -1.0,
                    0.0,
                    -0.0
                ],
                [
                    0.24192189559966773,
                    0.0,
                    -0.9702957262759965,
                    -0.0
                ]
            ]
        },
        {
            "transform_matrix": [
                [
                    0.9681476403781077,
                    0.0,
                    0.25038000405444144,
                    -0.0
                ],
                [
                    0.0,
                    -1.0,
                    0.0,
                    -0.0
                ],
                [
                    0.25038000405444144,
                    0.0,
                    -0.9681476403781077,
                    -0.0
                ]
            ]
        },
        {
            "transform_matrix": [
                [
                    0.9659258262890683,
                    0.0,
                    0.25881904510252074,
                    -0.0
                ],
                [
                    0.0,
                    -1.0,
                    0.0,
                    -0.0
                ],
                [
                    0.25881904510252074,
                    0.0,
                    -0.9659258262890683,
                    -0.0
                ]
            ]
        },
        {
            "transform_matrix": [
                [
                    0.963630453208623,
                    0.0,
                    0.26723837607825685,
                    -0.0
                ],
                [
                    0.0,
                    -1.0,
                    0.0,
                    -0.0
                ],
                [
                    0.26723837607825685,
                    0.0,
                    -0.963630453208623,
                    -0.0
                ]
            ]
        },
        {
            "transform_matrix": [
                [
                    0.9612616959383189,
                    0.0,
                    0.27563735581699916,
                    -0.0
                ],
                [
                    0.0,
                    -1.0,
                    0.0,
                    -0.0
                ],
                [
                    0.27563735581699916,
                    0.0,
                    -0.9612616959383189,
                    -0.0
                ]
            ]
        },
        {
            "transform_matrix": [
                [
                    0.958819734868193,
                    0.0,
                    0.2840153447039226,
                    -0.0
                ],
                [
                    0.0,
                    -1.0,
                    0.0,
                    -0.0
                ],
                [
                    0.2840153447039226,
                    0.0,
                    -0.958819734868193,
                    -0.0
                ]
            ]
        },
        {
            "transform_matrix": [
                [
                    0.9563047559630355,
                    0.0,
                    0.2923717047227367,
                    -0.0
                ],
                [
                    0.0,
                    -1.0,
                    0.0,
                    -0.0
                ],
                [
                    0.2923717047227367,
                    0.0,
                    -0.9563047559630355,
                    -0.0
                ]
            ]
        },
        {
            "transform_matrix": [
                [
                    0.9537169507482269,
                    0.0,
                    0.3007057995042731,
                    -0.0
                ],
                [
                    0.0,
                    -1.0,
                    0.0,
                    -0.0
                ],
                [
                    0.3007057995042731,
                    0.0,
                    -0.9537169507482269,
                    -0.0
                ]
            ]
        },
        {
            "transform_matrix": [
                [
                    0.9510565162951535,
                    0.0,
                    0.3090169943749474,
                    -0.0
                ],
                [
                    0.0,
                    -1.0,
                    0.0,
                    -0.0
                ],
                [
                    0.3090169943749474,
                    0.0,
                    -0.9510565162951535,
                    -0.0
                ]
            ]
        },
        {
            "transform_matrix": [
                [
                    0.9483236552061993,
                    0.0,
                    0.31730465640509214,
                    -0.0
                ],
                [
                    0.0,
                    -1.0,
                    0.0,
                    -0.0
                ],
                [
                    0.31730465640509214,
                    0.0,
                    -0.9483236552061993,
                    -0.0
                ]
            ]
        },
        {
            "transform_matrix": [
                [
                    0.9455185755993168,
                    0.0,
                    0.3255681544571567,
                    -0.0
                ],
                [
                    0.0,
                    -1.0,
                    0.0,
                    -0.0
                ],
                [
                    0.3255681544571567,
                    0.0,
                    -0.9455185755993168,
                    -0.0
                ]
            ]
        },
        {
            "transform_matrix": [
                [
                    0.9426414910921784,
                    0.0,
                    0.33380685923377096,
                    -0.0
                ],
                [
                    0.0,
                    -1.0,
                    0.0,
                    -0.0
                ],
                [
                    0.33380685923377096,
                    0.0,
                    -0.9426414910921784,
                    -0.0
                ]
            ]
        },
        {
            "transform_matrix": [
                [
                    0.9396926207859084,
                    0.0,
                    0.3420201433256687,
                    -0.0
                ],
                [
                    0.0,
                    -1.0,
                    0.0,
                    -0.0
                ],
                [
                    0.3420201433256687,
                    0.0,
                    -0.9396926207859084,
                    -0.0
                ]
            ]
        },
        {
            "transform_matrix": [
                [
                    0.9366721892483976,
                    0.0,
                    0.35020738125946743,
                    -0.0
                ],
                [
                    0.0,
                    -1.0,
                    0.0,
                    -0.0
                ],
                [
                    0.35020738125946743,
                    0.0,
                    -0.9366721892483976,
                    -0.0
                ]
            ]
        },
        {
            "transform_matrix": [
                [
                    0.9335804264972017,
                    0.0,
                    0.35836794954530027,
                    -0.0
                ],
                [
                    0.0,
                    -1.0,
                    0.0,
                    -0.0
                ],
                [
                    0.35836794954530027,
                    0.0,
                    -0.9335804264972017,
                    -0.0
                ]
            ]
        },
        {
            "transform_matrix": [
                [
                    0.9304175679820246,
                    0.0,
                    0.3665012267242973,
                    -0.0
                ],
                [
                    0.0,
                    -1.0,
                    0.0,
                    -0.0
                ],
                [
                    0.3665012267242973,
                    0.0,
                    -0.9304175679820246,
                    -0.0
                ]
            ]
        },
        {
            "transform_matrix": [
                [
                    0.9271838545667874,
                    0.0,
                    0.374606593415912,
                    -0.0
                ],
                [
                    0.0,
                    -1.0,
                    0.0,
                    -0.0
                ],
                [
                    0.374606593415912,
                    0.0,
                    -0.9271838545667874,
                    -0.0
                ]
            ]
        },
        {
            "transform_matrix": [
                [
                    0.9238795325112867,
                    0.0,
                    0.3826834323650898,
                    -0.0
                ],
                [
                    0.0,
                    -1.0,
                    0.0,
                    -0.0
                ],
                [
                    0.3826834323650898,
                    0.0,
                    -0.9238795325112867,
                    -0.0
                ]
            ]
        },
        {
            "transform_matrix": [
                [
                    0.9205048534524404,
                    0.0,
                    0.3907311284892737,
                    -0.0
                ],
                [
                    0.0,
                    -1.0,
                    0.0,
                    -0.0
                ],
                [
                    0.3907311284892737,
                    0.0,
                    -0.9205048534524404,
                    -0.0
                ]
            ]
        },
        {
            "transform_matrix": [
                [
                    0.917060074385124,
                    0.0,
                    0.3987490689252462,
                    -0.0
                ],
                [
                    0.0,
                    -1.0,
                    0.0,
                    -0.0
                ],
                [
                    0.3987490689252462,
                    0.0,
                    -0.917060074385124,
                    -0.0
                ]
            ]
        },
        {
            "transform_matrix": [
                [
                    0.9135454576426009,
                    0.0,
                    0.40673664307580015,
                    -0.0
                ],
                [
                    0.0,
                    -1.0,
                    0.0,
                    -0.0
                ],
                [
                    0.40673664307580015,
                    0.0,
                    -0.9135454576426009,
                    -0.0
                ]
            ]
        },
        {
            "transform_matrix": [
                [
                    0.9099612708765432,
                    0.0,
                    0.41469324265623897,
                    -0.0
                ],
                [
                    0.0,
                    -1.0,
                    0.0,
                    -0.0
                ],
                [
                    0.41469324265623897,
                    0.0,
                    -0.9099612708765432,
                    -0.0
                ]
            ]
        },
        {
            "transform_matrix": [
                [
                    0.9063077870366499,
                    0.0,
                    0.42261826174069944,
                    -0.0
                ],
                [
                    0.0,
                    -1.0,
                    0.0,
                    -0.0
                ],
                [
                    0.42261826174069944,
                    0.0,
                    -0.9063077870366499,
                    -0.0
                ]
            ]
        },
        {
            "transform_matrix": [
                [
                    0.9025852843498606,
                    0.0,
                    0.4305110968082951,
                    -0.0
                ],
                [
                    0.0,
                    -1.0,
                    0.0,
                    -0.0
                ],
                [
                    0.4305110968082951,
                    0.0,
                    -0.9025852843498606,
                    -0.0
                ]
            ]
        },
        {
            "transform_matrix": [
                [
                    0.898794046299167,
                    0.0,
                    0.4383711467890774,
                    -0.0
                ],
                [
                    0.0,
                    -1.0,
                    0.0,
                    -0.0
                ],
                [
                    0.4383711467890774,
                    0.0,
                    -0.898794046299167,
                    -0.0
                ]
            ]
        },
        {
            "transform_matrix": [
                [
                    0.8949343616020251,
                    0.0,
                    0.44619781310980877,
                    -0.0
                ],
                [
                    0.0,
                    -1.0,
                    0.0,
                    -0.0
                ],
                [
                    0.44619781310980877,
                    0.0,
                    -0.8949343616020251,
                    -0.0
                ]
            ]
        },
        {
            "transform_matrix": [
                [
                    0.8910065241883679,
                    0.0,
                    0.45399049973954675,
                    -0.0
                ],
                [
                    0.0,
                    -1.0,
                    0.0,
                    -0.0
                ],
                [
                    0.45399049973954675,
                    0.0,
                    -0.8910065241883679,
                    -0.0
                ]
            ]
        },
        {
            "transform_matrix": [
                [
                    0.8870108331782217,
                    0.0,
                    0.4617486132350339,
                    -0.0
                ],
                [
                    0.0,
                    -1.0,
                    0.0,
                    -0.0
                ],
                [
                    0.4617486132350339,
                    0.0,
                    -0.8870108331782217,
                    -0.0
                ]
            ]
        },
        {
            "transform_matrix": [
                [
                    0.882947592858927,
                    0.0,
                    0.4694715627858908,
                    -0.0
                ],
                [
                    0.0,
                    -1.0,
                    0.0,
                    -0.0
                ],
                [
                    0.4694715627858908,
                    0.0,
                    -0.882947592858927,
                    -0.0
                ]
            ]
        },
        {
            "transform_matrix": [
                [
                    0.8788171126619654,
                    0.0,
                    0.4771587602596084,
                    -0.0
                ],
                [
                    0.0,
                    -1.0,
                    0.0,
                    -0.0
                ],
                [
                    0.4771587602596084,
                    0.0,
                    -0.8788171126619654,
                    -0.0
                ]
            ]
        },
        {
            "transform_matrix": [
                [
                    0.8746197071393957,
                    0.0,
                    0.48480962024633706,
                    -0.0
                ],
                [
                    0.0,
                    -1.0,
                    0.0,
                    -0.0
                ],
                [
                    0.48480962024633706,
                    0.0,
                    -0.8746197071393957,
                    -0.0
                ]
            ]
        },
        {
            "transform_matrix": [
                [
                    0.8703556959398997,
                    0.0,
                    0.49242356010346705,
                    -0.0
                ],
                [
                    0.0,
                    -1.0,
                    0.0,
                    -0.0
                ],
                [
                    0.49242356010346705,
                    0.0,
                    -0.8703556959398997,
                    -0.0
                ]
            ]
        },
        {
            "transform_matrix": [
                [
                    0.8660254037844387,
                    0.0,
                    0.49999999999999994,
                    -0.0
                ],
                [
                    0.0,
                    -1.0,
                    0.0,
                    -0.0
                ],
                [
                    0.49999999999999994,
                    0.0,
                    -0.8660254037844387,
                    -0.0
                ]
            ]
        },
        {
            "transform_matrix": [
                [
                    0.8616291604415258,
                    0.0,
                    0.5075383629607041,
                    -0.0
                ],
                [
                    0.0,
                    -1.0,
                    0.0,
                    -0.0
                ],
                [
                    0.5075383629607041,
                    0.0,
                    -0.8616291604415258,
                    -0.0
                ]
            ]
        },
        {
            "transform_matrix": [
                [
                    0.8571673007021123,
                    0.0,
                    0.5150380749100542,
                    -0.0
                ],
                [
                    0.0,
                    -1.0,
                    0.0,
                    -0.0
                ],
                [
                    0.5150380749100542,
                    0.0,
                    -0.8571673007021123,
                    -0.0
                ]
            ]
        },
        {
            "transform_matrix": [
                [
                    0.8526401643540922,
                    0.0,
                    0.5224985647159488,
                    -0.0
                ],
                [
                    0.0,
                    -1.0,
                    0.0,
                    -0.0
                ],
                [
                    0.5224985647159488,
                    0.0,
                    -0.8526401643540922,
                    -0.0
                ]
            ]
        },
        {
            "transform_matrix": [
                [
                    0.848048096156426,
                    0.0,
                    0.5299192642332049,
                    -0.0
                ],
                [
                    0.0,
                    -1.0,
                    0.0,
                    -0.0
                ],
                [
                    0.5299192642332049,
                    0.0,
                    -0.848048096156426,
                    -0.0
                ]
            ]
        },
        {
            "transform_matrix": [
                [
                    0.8433914458128857,
                    0.0,
                    0.5372996083468239,
                    -0.0
                ],
                [
                    0.0,
                    -1.0,
                    0.0,
                    -0.0
                ],
                [
                    0.5372996083468239,
                    0.0,
                    -0.8433914458128857,
                    -0.0
                ]
            ]
        },
        {
            "transform_matrix": [
                [
                    0.838670567945424,
                    0.0,
                    0.544639035015027,
                    -0.0
                ],
                [
                    0.0,
                    -1.0,
                    0.0,
                    -0.0
                ],
                [
                    0.544639035015027,
                    0.0,
                    -0.838670567945424,
                    -0.0
                ]
            ]
        },
        {
            "transform_matrix": [
                [
                    0.8338858220671682,
                    0.0,
                    0.5519369853120581,
                    -0.0
                ],
                [
                    0.0,
                    -1.0,
                    0.0,
                    -0.0
                ],
                [
                    0.5519369853120581,
                    0.0,
                    -0.8338858220671682,
                    -0.0
                ]
            ]
        },
        {
            "transform_matrix": [
                [
                    0.8290375725550417,
                    0.0,
                    0.5591929034707468,
                    -0.0
                ],
                [
                    0.0,
                    -1.0,
                    0.0,
                    -0.0
                ],
                [
                    0.5591929034707468,
                    0.0,
                    -0.8290375725550417,
                    -0.0
                ]
            ]
        },
        {
            "transform_matrix": [
                [
                    0.8241261886220156,
                    0.0,
                    0.5664062369248328,
                    -0.0
                ],
                [
                    0.0,
                    -1.0,
                    0.0,
                    -0.0
                ],
                [
                    0.5664062369248328,
                    0.0,
                    -0.8241261886220156,
                    -0.0
                ]
            ]
        },
        {
            "transform_matrix": [
                [
                    0.8191520442889918,
                    0.0,
                    0.573576436351046,
                    -0.0
                ],
                [
                    0.0,
                    -1.0,
                    0.0,
                    -0.0
                ],
                [
                    0.573576436351046,
                    0.0,
                    -0.8191520442889918,
                    -0.0
                ]
            ]
        },
        {
            "transform_matrix": [
                [
                    0.8141155183563192,
                    0.0,
                    0.5807029557109398,
                    -0.0
                ],
                [
                    0.0,
                    -1.0,
                    0.0,
                    -0.0
                ],
                [
                    0.5807029557109398,
                    0.0,
                    -0.8141155183563192,
                    -0.0
                ]
            ]
        },
        {
            "transform_matrix": [
                [
                    0.8090169943749475,
                    0.0,
                    0.5877852522924731,
                    -0.0
                ],
                [
                    0.0,
                    -1.0,
                    0.0,
                    -0.0
                ],
                [
                    0.5877852522924731,
                    0.0,
                    -0.8090169943749475,
                    -0.0
                ]
            ]
        },
        {
            "transform_matrix": [
                [
                    0.8038568606172173,
                    0.0,
                    0.5948227867513413,
                    -0.0
                ],
                [
                    0.0,
                    -1.0,
                    0.0,
                    -0.0
                ],
                [
                    0.5948227867513413,
                    0.0,
