{
    "camera_angle_x": 0.8279103882874479,
    "frames": [
        {
            "transform_matrix": [
                [
                    1.0,
                    0.0,
                    0.0,
                    -0.0
                ],
                [
                    0.0,
                    -1.0,
                    0.0,
                    -0.0
                ],
                [
                    0.0,
                    0.0,
                    -1.0,
                    -0.0
                ]
            ]
        },
        {
            "transform_matrix": [
                [
                    0.9999999997446803,
                    0.0,
                    -2.2597327736234568e-05,
                    -0.0
                ],
                [
                    -5.489649611458429e-09,
                    -0.9999999704916387,
                    -0.00024293357489585905,
                    -0.0
                ],
                [
                    -2.2597327069424455e-05,
                    0.00024293357495788477,
                    -0.999999970236319,
                    -0.0
                ]
            ]
        },
        {
            "transform_matrix": [
                [
                    0.9999999959198757,
                    0.0,
                    -9.033409484812684e-05,
                    -0.0
                ],
                [
                    -4.3809917799156835e-08,
                    -0.9999998823988654,
                    -0.000484976549486236,
                    -0.0
                ],
                [
                    -9.033408422473479e-05,
                    0.00048497655146500064,
                    -0.9999998783187415,
                    -0.0
                ]
            ]
        },
        {
            "transform_matrix": [
                [
                    0.9999999793864138,
                    0.0,
                    -0.0002030447535474929,
                    -0.0
                ],
                [
                    -1.4725620652427545e-07,
                    -0.9999997370133313,
                    -0.0007252401301487123,
                    -0.0
                ],
                [
                    -0.00020304470014942958,
                    0.0007252401450985125,
                    -0.9999997163997506,
                    -0.0
                ]
            ]
        },
        {
            "transform_matrix": [
                [
                    0.9999999350365537,
                    0.0,
                    -0.0003604537257202053,
                    -0.0
                ],
                [
                    -3.4705897560242934e-07,
                    -0.9999995364702335,
                    -0.0009628391338245718,
                    -0.0
                ],
                [
                    -0.000360453558639174,
                    0.0009628391963739242,
                    -0.9999994715068173,
                    -0.0
                ]
            ]
        },
        {
            "transform_matrix": [
                [
                    0.9999998419791136,
                    0.0,
                    -0.0005621759047305276,
                    -0.0
                ],
                [
                    -6.728649535014612e-07,
                    -0.9999992837221493,
                    -0.0011968937862914537,
                    -0.0
                ],
                [
                    -0.0005621755020563788,
                    0.0011968939754257006,
                    -0.9999991257013761,
                    -0.0
                ]
            ]
        },
        {
            "transform_matrix": [
                [
                    0.9999996737962824,
                    0.0,
                    -0.0008077173569562149,
                    -0.0
                ],
                [
                    -1.152234638363813e-06,
                    -0.9999989825027411,
                    -0.001426531512016339,
                    -0.0
                ],
                [
                    -0.0008077165351060183,
                    0.0014265319773563733,
                    -0.9999986562993555,
                    -0.0
                ]
            ]
        },
        {
            "transform_matrix": [
                [
                    0.9999993988697665,
                    0.0,
                    -0.0010964762220608882,
                    -0.0
                ],
                [
                    -1.8101613069619881e-06,
                    -0.9999986372806622,
                    -0.0016508887127684375,
                    -0.0
                ],
                [
                    -0.001096474727871537,
                    0.0016508897051681513,
                    -0.9999980361512478,
                    -0.0
                ]
            ]
        },
        {
            "transform_matrix": [
                [
                    0.9999989807732861,
                    0.0,
                    -0.0014277438107228365,
                    -0.0
                ],
                [
                    -2.6686165692621063e-06,
                    -0.9999982532040846,
                    -0.001869112532160617,
                    -0.0
                ],
                [
                    -0.0014277413167457797,
                    0.0018691144372119828,
                    -0.9999972339791511,
                    -0.0
                ]
            ]
        },
        {
            "transform_matrix": [
                [
                    0.9999983787278197,
                    0.0,
                    -0.0018007058982495885,
                    -0.0
                ],
                [
                    -3.7461272837081466e-06,
                    -0.9999978360363614,
                    -0.0020803626032755754,
                    -0.0
                ],
                [
                    -0.001800702001587501,
                    0.0020803659761150575,
                    -0.9999962147676895,
                    -0.0
                ]
            ]
        },
        {
            "transform_matrix": [
                [
                    0.9999975481154096,
                    0.0,
                    -0.00221444421221498,
                    -0.0
                ],
                [
                    -5.057388384879377e-06,
                    -0.9999973920834117,
                    -0.0022838127765197253,
                    -0.0
                ],
                [
                    -0.002214438437129185,
                    0.002283818376178809,
                    -0.9999949402052156,
                    -0.0
                ]
            ]
        },
        {
            "transform_matrix": [
                [
                    0.9999964410467823,
                    0.0,
                    -0.0026679381119597816,
                    -0.0
                ],
                [
                    -6.612915872751481e-06,
                    -0.9999969281135034,
                    -0.0024786528248346954,
                    -0.0
                ],
                [
                    -0.0026679299163567217,
                    0.002478661646275537,
                    -0.9999933691712184,
                    -0.0
                ]
            ]
        },
        {
            "transform_matrix": [
                [
                    0.999995006977527,
                    0.0,
                    -0.0031600664574981258,
                    -0.0
                ],
                [
                    -8.418743873636235e-06,
                    -0.9999964512701729,
                    -0.0026640901233843345,
                    -0.0
                ],
                [
                    -0.0031600552432760323,
                    0.0026641034253126077,
                    -0.9999914582654188,
                    -0.0
                ]
            ]
        },
        {
            "transform_matrix": [
                [
                    0.9999931933670946,
                    0.0,
                    -0.0036896096650699682,
                    -0.0
                ],
                [
                    -1.047616930949276e-05,
                    -0.9999959689790956,
                    -0.002839351300825301,
                    -0.0
                ],
                [
                    -0.003689594792176279,
                    0.0028393706273788437,
                    -0.9999891623736279,
                    -0.0
                ]
            ]
        },
        {
            "transform_matrix": [
                [
                    0.9999909463744528,
                    0.0,
                    -0.004255251946274854,
                    -0.0
                ],
                [
                    -1.2781547307465589e-05,
                    -0.9999954888497776,
                    -0.0030036838592627903,
                    -0.0
                ],
                [
                    -0.00425523275019409,
                    0.0030037110537379226,
                    -0.9999864352650727,
                    -0.0
                ]
            ]
        },
        {
            "transform_matrix": [
                [
                    0.9999882115838497,
                    0.0,
                    -0.0048555837274145905,
                    -0.0
                ],
                [
                    -1.5326140048227378e-05,
                    -0.9999950185729929,
                    -0.0031563577599908856,
                    -0.0
                ],
                [
                    -0.004855559539678676,
                    0.0031563949688883136,
                    -0.9999832302155657,
                    -0.0
                ]
            ]
        },
        {
            "transform_matrix": [
                [
                    0.9999849347538109,
                    0.0,
                    -0.00548910424536262,
                    -0.0
                ],
                [
                    -1.8096021293229594e-05,
                    -0.9999945658149393,
                    -0.003296666972120572,
                    -0.0
                ],
                [
                    -0.005489074416554333,
                    0.003296716637968339,
                    -0.9999795006506175,
                    -0.0
                ]
            ]
        },
        {
            "transform_matrix": [
                [
                    0.9999810625822215,
                    0.0,
                    -0.006154224315966341,
                    -0.0
                ],
                [
                    -2.1072038350739472e-05,
                    -0.9999941381091216,
                    -0.003423930981208815,
                    -0.0
                ],
                [
                    -0.00615418824057496,
                    0.003423995822848184,
                    -0.9999752008023522,
                    -0.0
                ]
            ]
        },
        {
            "transform_matrix": [
                [
                    0.9999765434801248,
                    0.0,
                    -0.006849269270676578,
                    -0.0
                ],
                [
                    -2.4229832742197692e-05,
                    -0.9999937427470038,
                    -0.003537496255020356,
                    -0.0
                ],
                [
                    -0.006849226413065913,
                    0.0035375792343179764,
                    -0.999970286373902,
                    -0.0
                ]
            ]
        },
        {
            "transform_matrix": [
                [
                    0.999971328346718,
                    0.0,
                    -0.0075724820567862295,
                    -0.0
                ],
                [
                    -2.753992031775361e-05,
                    -0.9999933866684915,
                    -0.0036367376635811385,
                    -0.0
                ],
                [
                    -0.007572431977452046,
                    0.003636841937852222,
                    -0.9999647152048246,
                    -0.0
                ]
            ]
        },
        {
            "transform_matrix": [
                [
                    0.999965371337925,
                    0.0,
                    -0.008322026496349314,
                    -0.0
                ],
                [
                    -3.096783104674522e-05,
                    -0.9999930763533219,
                    -0.003721059850719428,
                    -0.0
                ],
                [
                    -0.008321968877578207,
                    0.0037211887105058016,
                    -0.9999584479310035,
                    -0.0
                ]
            ]
        },
        {
            "transform_matrix": [
                [
                    0.9999586306208933,
                    0.0,
                    -0.00909599069854337,
                    -0.0
                ],
                [
                    -3.447430817941289e-05,
                    -0.9999928177144424,
                    -0.0037898985543387653,
                    -0.0
                ],
                [
                    -0.009095925368540744,
                    0.003790055346575233,
                    -0.9999514486324623,
                    -0.0
                ]
            ]
        },
        {
            "transform_matrix": [
                [
                    0.9999510691067952,
                    0.0,
                    -0.00989239061993347,
                    -0.0
                ],
                [
                    -3.80155659443691e-05,
                    -0.999992615994451,
                    -0.0038427218727263937,
                    -0.0
                ],
                [
                    -0.00989231757446624,
                    0.003842909909740783,
                    -0.9999436854625522,
                    -0.0
                ]
            ]
        },
        {
            "transform_matrix": [
                [
                    0.9999426551544006,
                    0.0,
                    -0.010709173766796861,
                    -0.0
                ],
                [
                    -4.1543604416439904e-05,
                    -0.9999924756661674,
                    -0.0038790314742725555,
                    -0.0
                ],
                [
                    -0.010709093187398369,
                    0.0038792539294901828,
                    -0.9999351312520498,
                    -0.0
                ]
            ]
        },
        {
            "transform_matrix": [
                [
                    0.9999333632370487,
                    0.0,
                    -0.011544223033374565,
                    -0.0
                ],
                [
                    -4.500657966561111e-05,
                    -0.9999924003383703,
                    -0.003898363748060349,
                    -0.0
                ],
                [
                    -0.011544135301185733,
                    0.0038986235397130012,
                    -0.9999257640818359,
                    -0.0
                ]
            ]
        },
        {
            "transform_matrix": [
                [
                    0.9999231745658612,
                    0.0,
                    -0.01239536066963193,
                    -0.0
                ],
                [
                    -4.8349226784102904e-05,
                    -0.9999923926677158,
                    -0.0039002908928829514,
                    -0.0
                ],
                [
                    -0.012395266374004534,
                    0.0039005905574459247,
                    -0.9999155678180136,
                    -0.0
                ]
            ]
        },
        {
            "transform_matrix": [
                [
                    0.9999120776623186,
                    0.0,
                    -0.013260352371835893,
                    -0.0
                ],
                [
                    -5.151333288916789e-05,
                    -0.9999924542778061,
                    -0.003884421942355,
                    -0.0
                ],
                [
                    -0.013260252312900702,
                    0.0038847634998432456,
                    -0.9999045326035623,
                    -0.0
                ]
            ]
        },
        {
            "transform_matrix": [
                [
                    0.9999000688736611,
                    0.0,
                    -0.014136911488993646,
                    -0.0
                ],
                [
                    -5.4438256718084714e-05,
                    -0.9999925856863335,
                    -0.003850403723907719,
                    -0.0
                ],
                [
                    -0.014136806673497591,
                    0.0038507885375435686,
                    -0.9998926553009154,
                    -0.0
                ]
            ]
        },
        {
            "transform_matrix": [
                [
                    0.9998871528249675,
                    0.0,
                    -0.015022703337947937,
                    -0.0
                ],
                [
                    -5.706149097292767e-05,
                    -0.9999927862411659,
                    -0.0037979217495924945,
                    -0.0
                ],
                [
                    -0.015022594967789021,
                    0.003798350382702966,
                    -0.9998799398801858,
                    -0.0
                ]
            ]
        },
        {
            "transform_matrix": [
                [
                    0.9998733428022186,
                    0.0,
                    -0.0159153496196892,
                    -0.0
                ],
                [
                    -5.931926313981255e-05,
                    -0.9999930540661808,
                    -0.0037267010367647243,
                    -0.0
                ],
                [
                    -0.015915239072724033,
                    0.0037271731100664914,
                    -0.9998663977481519,
                    -0.0
                ]
            ]
        },
        {
            "transform_matrix": [
                [
                    0.9998586610611523,
                    0.0,
                    -0.01681243292922617,
                    -0.0
                ],
                [
                    -6.11471701040658e-05,
                    -0.9999933860175794,
                    -0.00363650685687784,
                    -0.0
                ],
                [
                    -0.016812321732090327,
                    0.003637020909553763,
                    -0.9998520480135449,
                    -0.0
                ]
            ]
        },
        {
            "transform_matrix": [
                [
                    0.9998431390572663,
                    0.0,
                    -0.01771150135115547,
                    -0.0
                ],
                [
                    -6.248084151255926e-05,
                    -0.999993777651339,
                    -0.0035271454107859293,
                    -0.0
                ],
                [
                    -0.017711391144018755,
                    0.003527698768940506,
                    -0.9998369176846488,
                    -0.0
                ]
            ]
        },
        {
            "transform_matrix": [
                [
                    0.9998268175929212,
                    0.0,
                    -0.018610073132889073,
                    -0.0
                ],
                [
                    -6.32566265004875e-05,
                    -0.9999942232023759,
                    -0.003398464429130808,
                    -0.0
                ],
                [
                    -0.01860996562626281,
                    0.0033990530853259134,
                    -0.9998210417957368,
                    -0.0
                ]
            ]
        },
        {
            "transform_matrix": [
                [
                    0.9998097468781288,
                    0.0,
                    -0.019505641427336507,
                    -0.0
                ],
                [
                    -6.341229810508472e-05,
                    -0.9999947155759012,
                    -0.0032503536965747706,
                    -0.0
                ],
                [
                    -0.019505538351254886,
                    0.0032509722041857334,
                    -0.9998044634594083,
                    -0.0
                ]
            ]
        },
        {
            "transform_matrix": [
                [
                    0.9997919865022846,
                    0.0,
                    -0.020395679096698382,
                    -0.0
                ],
                [
                    -6.288776943585372e-05,
                    -0.9999952463513604,
                    -0.003082745498832049,
                    -0.0
                ],
                [
                    -0.02039558214280619,
                    0.0030833868849227918,
                    -0.9997872338424681,
                    -0.0
                ]
            ]
        },
        {
            "transform_matrix": [
                [
                    0.9997736053148005,
                    0.0,
                    -0.02127764356890935,
                    -0.0
                ],
                [
                    -6.1625815462181e-05,
                    -0.9999958057992439,
                    -0.002895614991648597,
                    -0.0
                ],
                [
                    -0.021277554326200602,
                    0.0028962706919401513,
                    -0.9997694120635892,
                    -0.0
                ]
            ]
        },
        {
            "transform_matrix": [
                [
                    0.9997546812133274,
                    0.0,
                    -0.022148981738173052,
                    -0.0
                ],
                [
                    -5.9572794116798705e-05,
                    -0.9999963829109587,
                    -0.0026889804910796727,
                    -0.0
                ],
                [
                    -0.02214890162333393,
                    0.0026896403103772,
                    -0.999751065011626,
                    -0.0
                ]
            ]
        },
        {
            "transform_matrix": [
                [
                    0.9997353008390016,
                    0.0,
                    -0.023007134900959243,
                    -0.0
                ],
                [
                    -5.667936029914809e-05,
                    -0.9999969654418409,
                    -0.0024629036846160477,
                    -0.0
                ],
                [
                    -0.023007065084470313,
                    0.0024635557857656124,
                    -0.9997322670840876,
                    -0.0
                ]
            ]
        },
        {
            "transform_matrix": [
                [
                    0.9997155591789125,
                    0.0,
                    -0.023849543718784116,
                    -0.0
                ],
                [
                    -5.290116629767004e-05,
                    -0.9999975399672831,
                    -0.0022174897629105694,
                    -0.0
                ],
                [
                    -0.023849485048126284,
                    0.002218120686980045,
                    -0.9997130998459294,
                    -0.0
                ]
            ]
        },
        {
            "transform_matrix": [
                [
                    0.9996955590767681,
                    0.0,
                    -0.024673653199069914,
                    -0.0
                ],
                [
                    -4.8199542135418166e-05,
                    -0.9999980919518425,
                    -0.0019528874720557172,
                    -0.0
                ],
                [
                    -0.02467360612055139,
                    0.00195348219197776,
                    -0.9996936516094985,
                    -0.0
                ]
            ]
        },
        {
            "transform_matrix": [
                [
                    0.9996754106535043,
                    0.0,
                    -0.025476917685377156,
                    -0.0
                ],
                [
                    -4.2542149379793366e-05,
                    -0.9999986058310837,
                    -0.0016692890865576495,
                    -0.0
                ],
                [
                    -0.025476882166250436,
                    0.0016698310959418394,
                    -0.9996740169371203,
                    -0.0
                ]
            ]
        },
        {
            "transform_matrix": [
                [
                    0.999655230640366,
                    0.0,
                    -0.026256805848323947,
                    -0.0
                ],
                [
                    -3.5903602044909746e-05,
                    -0.9999990651058016,
                    -0.0013669303033413418,
                    -0.0
                ],
                [
                    -0.02625678130098849,
                    0.0013674017415641433,
                    -0.9996542960684904,
                    -0.0
                ]
            ]
        },
        {
            "transform_matrix": [
                [
                    0.999635141627752,
                    0.0,
                    -0.02701080566854962,
                    -0.0
                ],
                [
                    -2.8266048354009744e-05,
                    -0.9999994524481614,
                    -0.0010460900573031535,
                    -0.0
                ],
                [
                    -0.027010790878733315,
                    0.001046471871326729,
                    -0.9996345942756922,
                    -0.0
                ]
            ]
        },
        {
            "transform_matrix": [
                [
                    0.9996152712338705,
                    0.0,
                    -0.027736429403144018,
                    -0.0
                ],
                [
                    -1.961970731895883e-05,
                    -0.9999997498191849,
                    -0.0007070902590997195,
                    -0.0
                ],
                [
                    -0.027736422464021502,
                    0.0007073624017637565,
                    -0.9996150211493072,
                    -0.0
                ]
            ]
        },
        {
            "transform_matrix": [
                [
                    0.9995957511979866,
                    0.0,
                    -0.028431218527048316,
                    -0.0
                ],
                [
                    -9.963354333306634e-06,
                    -0.9999999385969106,
                    -0.0003502954560241045,
                    -0.0
                ],
                [
                    -0.02843121678128366,
                    0.00035043711980996874,
                    -0.9995956898197194,
                    -0.0
                ]
            ]
        },
        {
            "transform_matrix": [
                [
                    0.9995767164037533,
                    0.0,
                    -0.029092748641036656,
                    -0.0
                ],
                [
                    6.952497365334761e-07,
                    -0.99999999971445,
                    2.3887583029691464e-05,
                    -0.0
                ],
                [
                    -0.02909274863272922,
                    -2.389769853346873e-05,
                    -0.9995767161183242,
                    -0.0
                ]
            ]
        },
        {
            "transform_matrix": [
                [
                    0.9995583038387924,
                    0.0,
                    -0.02971863433800875,
                    -0.0
                ],
                [
                    1.233899114235952e-05,
                    -0.9999999138070725,
                    0.0004150103573758347,
                    -0.0
                ],
                [
                    -0.029718631776472656,
                    -0.00041519374685998017,
                    -0.999558217683936,
                    -0.0
                ]
            ]
        },
        {
            "transform_matrix": [
                [
                    0.9995406514973402,
                    0.0,
                    -0.030306534019460405,
                    -0.0
                ],
                [
                    2.4941102327737593e-05,
                    -0.9999996613673546,
                    0.0008225831978582855,
                    -0.0
                ],
                [
                    -0.030306523756678617,
                    -0.0008229612238642147,
                    -0.9995403130202452,
                    -0.0
                ]
            ]
        },
        {
            "transform_matrix": [
                [
                    0.9995238972333667,
                    0.0,
                    -0.030854154654150024,
                    -0.0
                ],
                [
                    3.84649318613352e-05,
                    -0.9999992229073454,
                    0.0012460759023156841,
                    -0.0
                ],
                [
                    -0.03085413067761308,
                    -0.0012466694450875677,
                    -0.999523120510688,
                    -0.0
                ]
            ]
        },
        {
            "transform_matrix": [
                [
                    0.9995081775721383,
                    0.0,
                    -0.03135925647114255,
                    -0.0
                ],
                [
                    5.286378914421121e-05,
                    -0.9999985791266228,
                    0.0016849184417274301,
                    -0.0
                ],
                [
                    -0.0313592119136099,
                    -0.0016857475301704805,
                    -0.9995067573975785,
                    -0.0
                ]
            ]
        },
        {
            "transform_matrix": [
                [
                    0.9994936264886924,
                    0.0,
                    -0.031819657579585936,
                    -0.0
                ],
                [
                    6.808086730483751e-05,
                    -0.9999977110850418,
                    0.002138501735501485,
                    -0.0
                ],
                [
                    -0.03181958474709574,
                    -0.002139585164754103,
                    -0.9994913387327801,
                    -0.0
                ]
            ]
        },
        {
            "transform_matrix": [
                [
                    0.9994803741621453,
                    0.0,
                    -0.03223323850775785,
                    -0.0
                ],
                [
                    8.404924716112633e-05,
                    -0.9999966003789112,
                    0.002606178494302732,
                    -0.0
                ],
                [
                    -0.03223312892696046,
                    -0.002607533436049173,
                    -0.9994769763075875,
                    -0.0
                ]
            ]
        },
        {
            "transform_matrix": [
                [
                    0.9994685457151394,
                    0.0,
                    -0.032597946654109033,
                    -0.0
                ],
                [
                    0.00010069198456357566,
                    -0.999995229319282,
                    0.0030872641287742757,
                    -0.0
                ],
                [
                    -0.032597791139713485,
                    -0.0030889057409658424,
                    -0.9994637775698201,
                    -0.0
                ]
            ]
        },
        {
            "transform_matrix": [
                [
                    0.9994582599480685,
                    0.0,
                    -0.032911800643223375,
                    -0.0
                ],
                [
                    0.00011792228284150083,
                    -0.9999935811109817,
                    0.0035810377224722812,
                    -0.0
                ],
                [
                    -0.03291158938602765,
                    -0.0035829787655748133,
                    -0.9994518445364194,
                    -0.0
                ]
            ]
        },
        {
            "transform_matrix": [
                [
                    0.9994496280779721,
                    0.0,
                    -0.033172894579810694,
                    -0.0
                ],
                [
                    0.00013564375145909196,
                    -0.9999916400309927,
                    0.004086743067317341,
                    -0.0
                ],
                [
                    -0.03317261725544012,
                    -0.00408899353454811,
                    -0.999441272710057,
                    -0.0
                ]
            ]
        },
        {
            "transform_matrix": [
                [
                    0.9994427524921916,
                    0.0,
                    -0.033379402194046,
                    -0.0
                ],
                [
                    0.00015375075135378772,
                    -0.9999893916047456,
                    0.004603589759860407,
                    -0.0
                ],
                [
                    -0.03337904809215417,
                    -0.004606156529106827,
                    -0.9994321500084391,
                    -0.0
                ]
            ]
        },
        {
            "transform_matrix": [
                [
                    0.9994377255269904,
                    0.0,
                    -0.03352958087176468,
                    -0.0
                ],
                [
                    0.00017212882678043067,
                    -0.9999868227788797,
                    0.005130754356668128,
                    -0.0
                ],
                [
                    -0.03352913904506346,
                    -0.005133640871883987,
                    -0.9994245557150851,
                    -0.0
                ]
            ]
        },
        {
            "transform_matrix": [
                [
                    0.9994346282813982,
                    0.0,
                    -0.03362177556321776,
                    -0.0
                ],
                [
                    0.00019065522282523802,
                    -0.9999839220890162,
                    0.005667381587149369,
                    -0.0
                ],
                [
                    -0.03362123499530313,
                    -0.005670587576993256,
                    -0.9994185594604106,
                    -0.0
                ]
            ]
        },
        {
            "transform_matrix": [
                [
                    0.9994335294765054,
                    0.0,
                    -0.03365442256428163,
                    -0.0
                ],
                [
                    0.00020919948708825016,
                    -0.9999806798210963,
                    0.006212585622169846,
                    -0.0
                ],
                [
                    -0.033653772354816786,
                    -0.0062161068634788985,
                    -0.9994142202419136,
                    -0.0
                ]
            ]
        },
        {
            "transform_matrix": [
                [
                    0.9994344843703354,
                    0.0,
                    -0.033626053164202335,
                    -0.0
                ],
                [
                    0.00022762415336617038,
                    -0.9999770881648449,
                    0.0067654513968335725,
                    -0.0
                ],
                [
                    -0.03362528272961532,
                    -0.006769279530209474,
                    -0.9994115854921812,
                    -0.0
                ]
            ]
        },
        {
            "transform_matrix": [
                [
                    0.9994375337382442,
                    0.0,
                    -0.03353529715413442,
                    -0.0
                ],
                [
                    0.0002457855045039849,
                    -0.9999731413579526,
                    0.007325035985845976,
                    -0.0
                ],
                [
                    -0.0335343964415922,
                    -0.00732915839016751,
                    -0.9994106902032768,
                    -0.0
                ]
            ]
        },
        {
            "transform_matrix": [
                [
                    0.9994427029285419,
                    0.0,
                    -0.03338088619090814,
                    -0.0
                ],
                [
                    0.0002635344109280774,
                    -0.9999688358195996,
                    0.007890370029911813,
                    -0.0
                ],
                [
                    -0.033379845902948964,
                    -0.007894769761980001,
                    -0.999411556115848,
                    -0.0
                ]
            ]
        },
        {
            "transform_matrix": [
                [
                    0.9994500010027063,
                    0.0,
                    -0.033161657010625095,
                    -0.0
                ],
                [
                    0.00028071724073036185,
                    -0.9999641702719946,
                    0.008460459211659535,
                    -0.0
                ],
                [
                    -0.03316046883747419,
                    -0.008465115016430548,
                    -0.9994141909810154,
                    -0.0
                ]
            ]
        },
        {
            "transform_matrix": [
                [
                    0.999459419969152,
                    0.0,
                    -0.032876554486842194,
                    -0.0
                ],
                [
                    0.0002971768365468416,
                    -0.9999591458486592,
                    0.009034285779619795,
                    -0.0
                ],
                [
                    -0.032875211343109625,
                    -0.009039172175593317,
                    -0.9994185879027496,
                    -0.0
                ]
            ]
        },
        {
            "transform_matrix": [
                [
                    0.9994709341190484,
                    0.0,
                    -0.03252463452825686,
                    -0.0
                ],
                [
                    0.00031275355386949826,
                    -0.9999537661882546,
                    0.009610810118817115,
                    -0.0
                ],
                [
                    -0.03252313079042699,
                    -0.009615897562131964,
                    -0.9994247247680353,
                    -0.0
                ]
            ]
        },
