{
    "camera_angle_x": 0.9934924659449375,
    "frames": [
        {
            "transform_matrix": [
                [
                    1.0,
                    0.0,
                    0.0,
                    -0.0
                ],
                [
                    0.0,
                    -1.0,
                    0.0,
                    -0.0
                ],
                [
                    0.0,
                    0.0,
                    -1.0,
                    -0.0
                ]
            ]
        },
        {
            "transform_matrix": [
                [
                    0.9999999977021236,
                    0.0,
                    -6.779198316254736e-05,
                    -0.0
                ],
                [
                    -4.9406842581713604e-08,
                    -0.9999997344247582,
                    -0.0007288006658503876,
                    -0.0
                ],
                [
                    -6.779196515867504e-05,
                    0.0007288006675250815,
                    -0.9999997321268823,
                    -0.0
                ]
            ]
        },
        {
            "transform_matrix": [
                [
                    0.999999963278881,
                    0.0,
                    -0.00027100228159578576,
                    -0.0
                ],
                [
                    -3.9428913225211723e-07,
                    -0.9999989415899541,
                    -0.0014549291446980589,
                    -0.0
                ],
                [
                    -0.00027100199476424845,
                    0.0014549291981246872,
                    -0.9999989048688739,
                    -0.0
                ]
            ]
        },
        {
            "transform_matrix": [
                [
                    0.9999998144777295,
                    0.0,
                    -0.0006091342271586346,
                    -0.0
                ],
                [
                    -1.3253048564331081e-06,
                    -0.9999976331208125,
                    -0.0021757185058235086,
                    -0.0
                ],
                [
                    -0.0006091327854115099,
                    0.0021757189094678206,
                    -0.999997447598981,
                    -0.0
                ]
            ]
        },
        {
            "transform_matrix": [
                [
                    0.9999994153290339,
                    0.0,
                    -0.001081360989830092,
                    -0.0
                ],
                [
                    -3.1235263783839338e-06,
                    -0.9999958282346801,
                    -0.0028885123298552965,
                    -0.0
                ],
                [
                    -0.0010813564786458165,
                    0.0028885140186855783,
                    -0.9999952435661532,
                    -0.0
                ]
            ]
        },
        {
            "transform_matrix": [
                [
                    0.9999985778123219,
                    0.0,
                    -0.0016865270035073612,
                    -0.0
                ],
                [
                    -6.055770462682872e-06,
                    -0.9999935535055,
                    -0.0035906699611965667,
                    -0.0
                ],
                [
                    -0.0016865161313203091,
                    0.003590675067810404,
                    -0.99999213132699,
                    -0.0
                ]
            ]
        },
        {
            "transform_matrix": [
                [
                    0.9999970641678187,
                    0.0,
                    -0.002423149963025752,
                    -0.0
                ],
                [
                    -1.0370074587103169e-05,
                    -0.9999908425370938,
                    -0.004279571755994644,
                    -0.0
                ],
                [
                    -0.002423127773119849,
                    0.0042795843201360135,
                    -0.9999879067317974,
                    -0.0
                ]
            ]
        },
        {
            "transform_matrix": [
                [
                    0.9999945898322352,
                    0.0,
                    -0.0032894233931841906,
                    -0.0
                ],
                [
                    -1.6291366445572824e-05,
                    -0.9999877355482437,
                    -0.004952624323248681,
                    -0.0
                ],
                [
                    -0.0032893830502096788,
                    0.00495265111792211,
                    -0.9999823254468316,
                    -0.0
                ]
            ]
        },
        {
            "transform_matrix": [
                [
                    0.9999908269720404,
                    0.0,
                    -0.004283219790617383,
                    -0.0
                ],
                [
                    -2.401737196890235e-05,
                    -0.9999842788733774,
                    -0.005607265755889668,
                    -0.0
                ],
                [
                    -0.0042831524535767015,
                    0.005607317191967048,
                    -0.9999751059896281,
                    -0.0
                ]
            ]
        },
        {
            "transform_matrix": [
                [
                    0.99998540858192,
                    0.0,
                    -0.005402094339292677,
                    -0.0
                ],
                [
                    -3.3714805235138885e-05,
                    -0.9999805243834449,
                    -0.006240970847749874,
                    -0.0
                ],
                [
                    -0.005401989130174731,
                    0.00624106191369352,
                    -0.9999659332495417,
                    -0.0
                ]
            ]
        },
        {
            "transform_matrix": [
                [
                    0.9999779331108274,
                    0.0,
                    -0.006643289200205069,
                    -0.0
                ],
                [
                    -4.5515881321648595e-05,
                    -0.99997652883232,
                    -0.006851256291286385,
                    -0.0
                ],
                [
                    -0.006643133274450304,
                    0.006851407480535934,
                    -0.9999544624610831,
                    -0.0
                ]
            ]
        },
        {
            "transform_matrix": [
                [
                    0.9999679695730344,
                    0.0,
                    -0.008003738375479089,
                    -0.0
                ],
                [
                    -5.951519048069956e-05,
                    -0.9999723531347683,
                    -0.007435685849760821,
                    -0.0
                ],
                [
                    -0.008003517097202872,
                    0.007435924025582245,
                    -0.9999403235933435,
                    -0.0
                ]
            ]
        },
        {
            "transform_matrix": [
                [
                    0.9999550630969054,
                    0.0,
                    -0.009480073146546794,
                    -0.0
                ],
                [
                    -7.57669690162675e-05,
                    -0.9999680615826775,
                    -0.007991875496332075,
                    -0.0
                ],
                [
                    -0.009479770368014392,
                    0.00799223464260572,
                    -0.9999231261147965,
                    -0.0
                ]
            ]
        },
        {
            "transform_matrix": [
                [
                    0.999938740859813,
                    0.0,
                    -0.011068628085345235,
                    -0.0
                ],
                [
                    -9.428279892138864e-05,
                    -0.9999637210068499,
                    -0.00851749851122148,
                    -0.0
                ],
                [
                    -0.011068226526662747,
                    0.008518020317822245,
                    -0.9999024640890829,
                    -0.0
                ]
            ]
        },
        {
            "transform_matrix": [
                [
                    0.9999185183536898,
                    0.0,
                    -0.012765447636557898,
                    -0.0
                ],
                [
                    -0.00011502976472453616,
                    -0.9999593998922036,
                    -0.009010290526791592,
                    -0.0
                ],
                [
                    -0.012764929358007784,
                    0.009011024759923972,
                    -0.9998779215540571,
                    -0.0
                ]
            ]
        },
        {
            "transform_matrix": [
                [
                    0.9998939059222414,
                    0.0,
                    -0.014566293267809782,
                    -0.0
                ],
                [
                    -0.0001379290921146119,
                    -0.9999551674547108,
                    -0.0094680545090745,
                    -0.0
                ],
                [
                    -0.014565640223807158,
                    0.009469059120169095,
                    -0.9998490781334197,
                    -0.0
                ]
            ]
        },
        {
            "transform_matrix": [
                [
                    0.9998644155078246,
                    0.0,
                    -0.016466651183416614,
                    -0.0
                ],
                [
                    -0.00016285528879411197,
                    -0.9999510926888173,
                    -0.009888665663026267,
                    -0.0
                ],
                [
                    -0.01646584584378305,
                    0.009890006594548001,
                    -0.9998155148277148,
                    -0.0
                ]
            ]
        },
        {
            "transform_matrix": [
                [
                    0.9998295675434757,
                    0.0,
                    -0.018461740595791483,
                    -0.0
                ],
                [
                    -0.00018963580367813984,
                    -0.9999472433944354,
                    -0.01027007624760451,
                    -0.0
                ],
                [
                    -0.018460766617024834,
                    0.010271826900296118,
                    -0.9997768199293491,
                    -0.0
                ]
            ]
        },
        {
            "transform_matrix": [
                [
                    0.9997888979235707,
                    0.0,
                    -0.020546522546937604,
                    -0.0
                ],
                [
                    -0.00021805121604481672,
                    -0.9999436851928722,
                    -0.010610320285698893,
                    -0.0
                ],
                [
                    -0.020545365473483228,
                    0.010612560619281855,
                    -0.9997325950046156,
                    -0.0
                ]
            ]
        },
        {
            "transform_matrix": [
                [
                    0.9997419649851319,
                    0.0,
                    -0.022715709270618806,
                    -0.0
                ],
                [
                    -0.0002478359615840433,
                    -0.9999404805412558,
                    -0.01090751815302052,
                    -0.0
                ],
                [
                    -0.022714357243898028,
                    0.010910333401061878,
                    -0.9996824608844922,
                    -0.0
                ]
            ]
        },
        {
            "transform_matrix": [
                [
                    0.9996883564308889,
                    0.0,
                    -0.02496377408381861,
                    -0.0
                ],
                [
                    -0.00027867959752226376,
                    -0.9999376877551389,
                    -0.011159881029304614,
                    -0.0
                ],
                [
                    -0.024962218535015242,
                    0.011163360018664102,
                    -0.9996260636052382,
                    -0.0
                ]
            ]
        },
        {
            "transform_matrix": [
                [
                    0.9996276961248624,
                    0.0,
                    -0.027284961793998082,
                    -0.0
                ],
                [
                    -0.00031022860415840387,
                    -0.9999353600490023,
                    -0.011365715194628319,
                    -0.0
                ],
                [
                    -0.027283198095404745,
                    0.011369948270429515,
                    -0.9995630802395689,
                    -0.0
                ]
            ]
        },
        {
            "transform_matrix": [
                [
                    0.9995596506914757,
                    0.0,
                    -0.02967329960646742,
                    -0.0
                ],
                [
                    -0.00034208871526950996,
                    -0.9999335446043403,
                    -0.011523426153313943,
                    -0.0
                ],
                [
                    -0.029671327655601543,
                    0.011528502721515684,
                    -0.9994932245594035,
                    -0.0
                ]
            ]
        },
        {
            "transform_matrix": [
                [
                    0.999483935850027,
                    0.0,
                    -0.032122608513926884,
                    -0.0
                ],
                [
                    -0.00037382776497402604,
                    -0.9999322816748927,
                    -0.011631522567797306,
                    -0.0
                ],
                [
                    -0.032120433224680243,
                    0.011637528278936361,
                    -0.9994162524719196,
                    -0.0
                ]
            ]
        },
        {
            "transform_matrix": [
                [
                    0.9994003224177535,
                    0.0,
                    -0.03462651514794039,
                    -0.0
                ],
                [
                    -0.00040497903381716177,
                    -0.9999316037383899,
                    -0.011688619985005212,
                    -0.0
                ],
                [
                    -0.034624146823751686,
                    0.011695633594281872,
                    -0.9993319671718481,
                    -0.0
                ]
            ]
        },
        {
            "transform_matrix": [
                [
                    0.9993086419167051,
                    0.0,
                    -0.037178464069814766,
                    -0.0
                ],
                [
                    -0.00043504507210792614,
                    -0.9999315347038987,
                    -0.011693444338215576,
                    -0.0
                ],
                [
                    -0.037175918635263636,
                    0.011701534288532905,
                    -0.9992402239546397,
                    -0.0
                ]
            ]
        },
        {
            "transform_matrix": [
                [
                    0.9992087917221987,
                    0.0,
                    -0.03977173047610359,
                    -0.0
                ],
                [
                    -0.0004635019739326779,
                    -0.999932089183509,
                    -0.011644835208073101,
                    -0.0
                ],
                [
                    -0.0397690295454137,
                    0.011654055993645234,
                    -0.9991409346373078,
                    -0.0
                ]
            ]
        },
        {
            "transform_matrix": [
                [
                    0.9991007396937189,
                    0.0,
                    -0.04239943329177437,
                    -0.0
                ],
                [
                    -0.0004898040708366415,
                    -0.9999332718366648,
                    -0.011541748827402875,
                    -0.0
                ],
                [
                    -0.04239660405546435,
                    0.011552137205844804,
                    -0.9990340715363724,
                    -0.0
                ]
            ]
        },
        {
            "transform_matrix": [
                [
                    0.9989845282327787,
                    0.0,
                    -0.04505454862200506,
                    -0.0
                ],
                [
                    -0.0005133890099429973,
                    -0.9999350767949519,
                    -0.01138326081569729,
                    -0.0
                ],
                [
                    -0.04505162353630652,
                    0.011394831945830512,
                    -0.9989196709554123,
                    -0.0
                ]
            ]
        },
        {
            "transform_matrix": [
                [
                    0.9988602777163895,
                    0.0,
                    -0.04772992353165035,
                    -0.0
                ],
                [
                    -0.000533683177307909,
                    -0.9999374871745779,
                    -0.011168568630638052,
                    -0.0
                ],
                [
                    -0.047726939799273206,
                    0.011181312221336717,
                    -0.9987978361382275,
                    -0.0
                ]
            ]
        },
        {
            "transform_matrix": [
                [
                    0.9987281892594245,
                    0.0,
                    -0.050418290119668606,
                    -0.0
                ],
                [
                    -0.0005501074236262962,
                    -0.9999404746831502,
                    -0.010896993725737823,
                    -0.0
                ],
                [
                    -0.050415288954974206,
                    0.01091087028775882,
                    -0.998668739647512,
                    -0.0
                ]
            ]
        },
        {
            "transform_matrix": [
                [
                    0.9985885467642228,
                    0.0,
                    -0.05311227985426418,
                    -0.0
                ],
                [
                    -0.0005620830460422898,
                    -0.9999439993266614,
                    -0.010567983405124232,
                    -0.0
                ],
                [
                    -0.05310930553082979,
                    0.010582920702794164,
                    -0.9985326251332158,
                    -0.0
                ]
            ]
        },
        {
            "transform_matrix": [
                [
                    0.9984417182212678,
                    0.0,
                    -0.05580443813320281,
                    -0.0
                ],
                [
                    -0.0005690379768122872,
                    -0.9999480092218388,
                    -0.010181112368615937,
                    -0.0
                ],
                [
                    -0.055801536817039414,
                    0.010197002171297162,
                    -0.9983898084593889,
                    -0.0
                ]
            ]
        },
        {
            "transform_matrix": [
                [
                    0.9982881562306188,
                    0.0,
                    -0.05848723903272866,
                    -0.0
                ],
                [
                    -0.0005704131269465375,
                    -0.9999524405182122,
                    -0.00973608394252551,
                    -0.0
                ],
                [
                    -0.058484457409949064,
                    0.009752779176793454,
                    -0.9982406781632336,
                    -0.0
                ]
            ]
        },
        {
            "transform_matrix": [
                [
                    0.9981283977199419,
                    0.0,
                    -0.06115310020777043,
                    -0.0
                ],
                [
                    -0.0005656688307428564,
                    -0.9999572174334088,
                    -0.009232730994032875,
                    -0.0
                ],
                [
                    -0.061150483921188534,
                    0.00925004339634411,
                    -0.9980856952252999,
                    -0.0
                ]
            ]
        },
        {
            "transform_matrix": [
                [
                    0.9979630628414311,
                    0.0,
                    -0.06379439790569197,
                    -0.0
                ],
                [
                    -0.0005542913353452993,
                    -0.9999622524042902,
                    -0.008671016529467184,
                    -0.0
                ],
                [
                    -0.06379198982055127,
                    0.008688714895698443,
                    -0.9979253921352016,
                    -0.0
                ]
            ]
        },
        {
            "transform_matrix": [
                [
                    0.9977928530365782,
                    0.0,
                    -0.06640348205572952,
                    -0.0
                ],
                [
                    -0.0005357992781291354,
                    -0.9999674463556284,
                    -0.008051033979373685,
                    -0.0
                ],
                [
                    -0.06640132038038964,
                    0.008068843101924425,
                    -0.9977603712428839,
                    -0.0
                ]
            ]
        },
        {
            "transform_matrix": [
                [
                    0.9976185482645793,
                    0.0,
                    -0.06897269139647469,
                    -0.0
                ],
                [
                    -0.0005097500938448955,
                    -0.9999726890870708,
                    -0.0073730071757830504,
                    -0.0
                ],
                [
                    -0.06897080768930547,
                    0.0073906075509611,
                    -0.9975913023912711,
                    -0.0
                ]
            ]
        },
        {
            "transform_matrix": [
                [
                    0.9974410033971288,
                    0.0,
                    -0.07149436860430902,
                    -0.0
                ],
                [
                    -0.00047574629305755975,
                    -0.9999778597781691,
                    -0.0066372900295981726,
                    -0.0
                ],
                [
                    -0.07149278570312846,
                    0.006654318407798151,
                    -0.9974189198320503,
                    -0.0
                ]
            ]
        },
        {
            "transform_matrix": [
                [
                    0.9972611437893546,
                    0.0,
                    -0.07396087538657303,
                    -0.0
                ],
                [
                    -0.0004334415534968657,
                    -0.9999828276102701,
                    -0.005844365918424367,
                    -0.0
                ],
                [
                    -0.07395960530159613,
                    0.00586041675725695,
                    -0.997244018432331,
                    -0.0
                ]
            ]
        },
        {
            "transform_matrix": [
                [
                    0.9970799600436726,
                    0.0,
                    -0.07636460750444693,
                    -0.0
                ],
                [
                    -0.00038254656649124215,
                    -0.9999874525030774,
                    -0.004994846797447629,
                    -0.0
                ],
                [
                    -0.07636364931976927,
                    0.005009474663625625,
                    -0.9970674491859424,
                    -0.0
                ]
            ]
        },
        {
            "transform_matrix": [
                [
                    0.9968985019903052,
                    0.0,
                    -0.07869800969202159,
                    -0.0
                ],
                [
                    -0.00032283458168673625,
                    -0.9999915859627024,
                    -0.0040894720480688556,
                    -0.0
                ],
                [
                    -0.0786973475240328,
                    0.00410219499768957,
                    -0.9968901140491275,
                    -0.0
                ]
            ]
        },
        {
            "transform_matrix": [
                [
                    0.9967178719150677,
                    0.0,
                    -0.08095359043982431,
                    -0.0
                ],
                [
                    -0.00025414659474494076,
                    -0.99999507203705,
                    -0.0031291070808889525,
                    -0.0
                ],
                [
                    -0.08095319150352995,
                    0.0031394110300006642,
                    -0.9967129601263233,
                    -0.0
                ]
            ]
        },
        {
            "transform_matrix": [
                [
                    0.9965392170717315,
                    0.0,
                    -0.08312393661310931,
                    -0.0
                ],
                [
                    -0.00017639612465758804,
                    -0.999997748373416,
                    -0.0021147417112706564,
                    -0.0
                ],
                [
                    -0.08312374944904387,
                    0.0021220857895434295,
                    -0.9965369732375384,
                    -0.0
                ]
            ]
        },
        {
            "transform_matrix": [
                [
                    0.9963637215227623,
                    0.0,
                    -0.08520172787749866,
                    -0.0
                ],
                [
                    -8.957352969375761e-05,
                    -0.999999447372241,
                    -0.0010474883270433285,
                    -0.0
                ],
                [
                    -0.08520168079265872,
                    0.0010513111872865377,
                    -0.9963631709045118,
                    -0.0
                ]
            ]
        },
        {
            "transform_matrix": [
                [
                    0.9961925973584568,
                    0.0,
                    -0.0871797509070292,
                    -0.0
                ],
                [
                    6.250186211437935e-06,
                    -0.99999999743005,
                    7.142013106445275e-05,
                    -0.0
                ],
                [
                    -0.0871797506829816,
                    -7.16930955458143e-05,
                    -0.9961925947982916,
                    -0.0
                ]
            ]
        },
        {
            "transform_matrix": [
                [
                    0.9960270753504262,
                    0.0,
                    -0.089050913352286,
                    -0.0
                ],
                [
                    0.0001109201216333658,
                    -0.9999992242637423,
                    0.0012406323550095155,
                    -0.0
                ],
                [
                    -0.08905084427226373,
                    -0.0012455809542858372,
                    -0.9960263026961103,
                    -0.0
                ]
            ]
        },
        {
            "transform_matrix": [
                [
                    0.9958683951009325,
                    0.0,
                    -0.09080825754904165,
                    -0.0
                ],
                [
                    0.0002241948218559649,
                    -0.9999969523075681,
                    0.0024586809994791656,
                    -0.0
                ],
                [
                    -0.09080798079340237,
                    -0.002468881442140731,
                    -0.9958653600003616,
                    -0.0
                ]
            ]
        },
        {
            "transform_matrix": [
                [
                    0.9957177947547529,
                    0.0,
                    -0.09244497395062569,
                    -0.0
                ],
                [
                    0.0003457442566597512,
                    -0.9999930061733552,
                    0.0037239851349218614,
                    -0.0
                ],
                [
                    -0.0924443274065037,
                    -0.0037400005850443657,
                    -0.9957108308771092,
                    -0.0
                ]
            ]
        },
        {
            "transform_matrix": [
                [
                    0.9955765003449848,
                    0.0,
                    -0.09395441427007352,
                    -0.0
                ],
                [
                    0.00047514846507215147,
                    -0.9999872121638319,
                    0.005034852802562777,
                    -0.0
                ],
                [
                    -0.09395321279641657,
                    -0.005057223428654766,
                    -0.9955637690758056,
                    -0.0
                ]
            ]
        },
        {
            "transform_matrix": [
                [
                    0.9954457148484624,
                    0.0,
                    -0.09533010432090001,
                    -0.0
                ],
                [
                    0.0006118968959799653,
                    -0.9999793998282459,
                    0.006389483651270814,
                    -0.0
                ],
                [
                    -0.09532814050437767,
                    -0.006418716315679244,
                    -0.9954252084957647,
                    -0.0
                ]
            ]
        },
        {
            "transform_matrix": [
                [
                    0.9953266070302255,
                    0.0,
                    -0.09656575654805995,
                    -0.0
                ],
                [
                    0.0007553884687867266,
                    -0.99996940354889,
                    0.007785971637399813,
                    -0.0
                ],
                [
                    -0.09656280197861082,
                    -0.007822529391262795,
                    -0.995296153568355,
                    -0.0
                ]
            ]
        },
        {
            "transform_matrix": [
                [
                    0.9952203001597145,
                    0.0,
                    -0.09765528224324432,
                    -0.0
                ],
                [
                    0.0009049323733689265,
                    -0.9999570641466504,
                    0.009222307770358923,
                    -0.0
                ],
                [
                    -0.09765108933036712,
                    -0.009266599333714267,
                    -0.9951775695268563,
                    -0.0
                ]
            ]
        },
        {
            "transform_matrix": [
                [
                    0.9951278606840578,
                    0.0,
                    -0.09859280344107482,
                    -0.0
                ],
                [
                    0.0010597496234773826,
                    -0.9999422304932595,
                    0.01069638288865647,
                    -0.0
                ],
                [
                    -0.09858710778345187,
                    -0.010748752307370536,
                    -0.9950703726384024,
                    -0.0
                ]
            ]
        },
        {
            "transform_matrix": [
                [
                    0.9950502869459287,
                    0.0,
                    -0.09937266449494596,
                    -0.0
                ],
                [
                    0.0012189753724761636,
                    -0.9999247611176006,
                    0.012205990453482472,
                    -0.0
                ],
                [
                    -0.09936518780672832,
                    -0.012266707133913674,
                    -0.9949754204744077,
                    -0.0
                ]
            ]
        },
        {
            "transform_matrix": [
                [
                    0.994988498034987,
                    0.0,
                    -0.09998944333318664,
                    -0.0
                ],
                [
                    0.0013816619949435403,
                    -0.9999045257931628,
                    0.013748829349514135,
                    -0.0
                ],
                [
                    -0.09997989692039232,
                    -0.013818078677961443,
                    -0.994893502297325,
                    -0.0
                ]
            ]
        },
        {
            "transform_matrix": [
                [
                    0.9949433228628515,
                    0.0,
                    -0.1004379623978292,
                    -0.0
                ],
                [
                    0.0015467829322089524,
                    -0.9998814070935779,
                    0.015322506685507808,
                    -0.0
                ],
                [
                    -0.10042605116795333,
                    -0.015400381442250201,
                    -0.9948253296424678,
                    -0.0
                ]
            ]
        },
        {
            "transform_matrix": [
                [
                    0.9949154895518728,
                    0.0,
                    -0.10071329926954632,
                    -0.0
                ],
                [
                    0.0017132372943975522,
                    -0.99985530190312,
                    0.01692454059033573,
                    -0.0
                ],
                [
                    -0.10069872624681152,
                    -0.017011033367224825,
                    -0.9947715271739782,
                    -0.0
                ]
            ]
        },
        {
            "transform_matrix": [
                [
                    0.9949056152277,
                    0.0,
                    -0.10081079698321807,
                    -0.0
                ],
                [
                    0.0018798552060290466,
                    -0.9998261228690691,
                    0.018552363003386117,
                    -0.0
                ],
                [
                    -0.10079326829107177,
                    -0.018647359829344325,
                    -0.9947326238937773,
                    -0.0
                ]
            ]
        },
        {
            "transform_matrix": [
                [
                    0.994914196304722,
                    0.0,
                    -0.10072607403909414,
                    -0.0
                ],
                [
                    0.002045403876698964,
                    -0.9997937997829818,
                    0.020203322461616848,
                    -0.0
                ],
                [
                    -0.10070530430076789,
                    -0.020306597831908895,
                    -0.9947090447815294,
                    -0.0
                ]
            ]
        },
        {
            "transform_matrix": [
                [
                    0.9949415993519587,
                    0.0,
                    -0.10045503411460521,
                    -0.0
                ],
                [
                    0.0022085943728857413,
                    -0.9997582808781357,
                    0.02187468688897883,
                    -0.0
                ],
                [
                    -0.10043075221197217,
                    -0.02198590038171748,
                    -0.994701102942257,
                    -0.0
                ]
            ]
        },
        {
            "transform_matrix": [
                [
                    0.9949880526248459,
                    0.0,
                    -0.09999387548153547,
                    -0.0
                ],
                [
                    0.002368089061502705,
                    -0.999719534030749,
                    0.023563646397342278,
                    -0.0
                ],
                [
                    -0.09996583060232939,
                    -0.023682341044377147,
                    -0.9947089923362733,
                    -0.0
                ]
            ]
        },
        {
            "transform_matrix": [
                [
                    0.9950536383456248,
                    0.0,
                    -0.09933910013249843,
                    -0.0
                ],
                [
                    0.0025225096904763224,
                    -0.9996775478530003,
                    0.025267316111407097,
                    -0.0
                ],
                [
                    -0.09930706802637969,
                    -0.02539291867061208,
                    -0.9947327811635603,
                    -0.0
                ]
            ]
        },
        {
            "transform_matrix": [
                [
                    0.9951382858117169,
                    0.0,
                    -0.09848752261945445,
                    -0.0
                ],
                [
                    0.002670446066406168,
                    -0.9996323326663997,
                    0.02698273903329092,
                    -0.0
                ],
                [
                    -0.09845131197462006,
                    -0.02711456228546324,
                    -0.994772405971609,
                    -0.0
                ]
            ]
        },
        {
            "transform_matrix": [
                [
                    0.995241765407548,
                    0.0,
                    -0.09743627860538971,
                    -0.0
                ],
                [
                    0.00281046528427308,
                    -0.9995839213446804,
                    0.02870688896550124,
                    -0.0
                ],
                [
                    -0.09739573744960824,
                    -0.028844136131833124,
                    -0.9948276665520794,
                    -0.0
                ]
            ]
        },
        {
            "transform_matrix": [
                [
                    0.995363683590788,
                    0.0,
