{
    "camera_angle_x": 0.9934924659449375,
    "frames": [
        {
            "transform_matrix": [
                [
                    1.0,
                    0.0,
                    0.0,
                    -0.0
                ],
                [
                    0.0,
                    -1.0,
                    0.0,
                    -0.0
                ],
                [
                    0.0,
                    0.0,
                    -1.0,
                    -0.0
                ]
            ]
        },
        {
            "transform_matrix": [
                [
                    0.9999999989815596,
                    0.0,
                    -4.5131816020712975e-05,
                    -0.0
                ],
                [
                    -2.1907737147096988e-08,
                    -0.9999998821853073,
                    -0.0004854166983825964,
                    -0.0
                ],
                [
                    -4.513181070352194e-05,
                    0.0004854166988769644,
                    -0.999999881166867,
                    -0.0
                ]
            ]
        },
        {
            "transform_matrix": [
                [
                    0.9999999837248372,
                    0.0,
                    -0.0001804170869188117,
                    -0.0
                ],
                [
                    -1.7483415523038989e-07,
                    -0.99999953046569,
                    -0.0009690554002992605,
                    -0.0
                ],
                [
                    -0.0001804170022067993,
                    0.0009690554160707951,
                    -0.9999995141905349,
                    -0.0
                ]
            ]
        },
        {
            "transform_matrix": [
                [
                    0.9999999177745402,
                    0.0,
                    -0.00040552547745267717,
                    -0.0
                ],
                [
                    -5.876639166885708e-07,
                    -0.9999989499934836,
                    -0.001449141671835434,
                    -0.0
                ],
                [
                    -0.00040552505164828326,
                    0.001449141790991784,
                    -0.9999988677681102,
                    -0.0
                ]
            ]
        },
        {
            "transform_matrix": [
                [
                    0.9999997408668624,
                    0.0,
                    -0.000719907082913471,
                    -0.0
                ],
                [
                    -1.3850354992399803e-06,
                    -0.9999981492859465,
                    -0.0019239082003834926,
                    -0.0
                ],
                [
                    -0.0007199057505713155,
                    0.0019239086989319902,
                    -0.9999978901532885,
                    -0.0
                ]
            ]
        },
        {
            "transform_matrix": [
                [
                    0.999999369667281,
                    0.0,
                    -0.0011227934096679658,
                    -0.0
                ],
                [
                    -2.6852725537990335e-06,
                    -0.9999971401209815,
                    -0.002391598345752649,
                    -0.0
                ],
                [
                    -0.0011227901986146514,
                    0.0023915998532562876,
                    -0.9999965097900652,
                    -0.0
                ]
            ]
        },
        {
            "transform_matrix": [
                [
                    0.9999986987940549,
                    0.0,
                    -0.0016131987469084636,
                    -0.0
                ],
                [
                    -4.598380098794452e-06,
                    -0.9999959373924777,
                    -0.0028504696796766427,
                    -0.0
                ],
                [
                    -0.0016131921931150995,
                    0.0028504733887295625,
                    -0.9999946361918189,
                    -0.0
                ]
            ]
        },
        {
            "transform_matrix": [
                [
                    0.9999976021180985,
                    0.0,
                    -0.002189921928567105,
                    -0.0
                ],
                [
                    -7.2241263267904494e-06,
                    -0.9999945589265987,
                    -0.003298797509605973,
                    -0.0
                ],
                [
                    -0.0021899100130411487,
                    0.0032988054197517856,
                    -0.9999921610577442,
                    -0.0
                ]
            ]
        },
        {
            "transform_matrix": [
                [
                    0.9999959343273568,
                    0.0,
                    -0.002851548484008168,
                    -0.0
                ],
                [
                    -1.0650230089832783e-05,
                    -0.9999930252606969,
                    -0.003734878382468757,
                    -0.0
                ],
                [
                    -0.002851528595200882,
                    0.003734893567323359,
                    -0.9999889596164107,
                    -0.0
                ]
            ]
        },
        {
            "transform_matrix": [
                [
                    0.9999935327413647,
                    0.0,
                    -0.003596453175735284,
                    -0.0
                ],
                [
                    -1.4950673252183953e-05,
                    -0.9999913593868831,
                    -0.004157033563840758,
                    -0.0
                ],
                [
                    -0.003596422100174799,
                    0.004157060448625842,
                    -0.9999848921841289,
                    -0.0
                ]
            ]
        },
        {
            "transform_matrix": [
                [
                    0.9999902193593264,
                    0.0,
                    -0.004422802921935188,
                    -0.0
                ],
                [
                    -2.0184156059100154e-05,
                    -0.9999895864626102,
                    -0.004563612487687105,
                    -0.0
                ],
                [
                    -0.004422756864911593,
                    0.004563657123177584,
                    -0.9999798059237877,
                    -0.0
                ]
            ]
        },
        {
            "transform_matrix": [
                [
                    0.9999858031228481,
                    0.0,
                    -0.005328560101220698,
                    -0.0
                ],
                [
                    -2.6392712475226014e-05,
                    -0.9999877334909412,
                    -0.004952996171532941,
                    -0.0
                ],
                [
                    -0.005328494738389946,
                    0.004953066489609419,
                    -0.9999735367879354,
                    -0.0
                ]
            ]
        },
        {
            "transform_matrix": [
                [
                    0.9999800823723878,
                    0.0,
                    -0.006311486236429289,
                    -0.0
                ],
                [
                    -3.360050110437214e-05,
                    -0.9999858289734648,
                    -0.005323600591595775,
                    -0.0
                ],
                [
                    -0.006311396796190356,
                    0.005323706627201893,
                    -0.9999659116281058,
                    -0.0
                ]
            ]
        },
        {
            "transform_matrix": [
                [
                    0.9999728474745893,
                    0.0,
                    -0.007369146053777204,
                    -0.0
                ],
                [
                    -4.181278582333676e-05,
                    -0.9999839025390856,
                    -0.005673880012077627,
                    -0.0
                ],
                [
                    -0.007369027429236631,
                    0.005674034076432069,
                    -0.9999567504507616,
                    -0.0
                ]
            ]
        },
        {
            "transform_matrix": [
                [
                    0.9999638835959497,
                    0.0,
                    -0.0084989119130607,
                    -0.0
                ],
                [
                    -5.101511865654777e-05,
                    -0.9999819845521607,
                    -0.006002330262479255,
                    -0.0
                ],
                [
                    -0.008498758801356438,
                    0.006002547052893948,
                    -0.9999458687987636,
                    -0.0
                ]
            ]
        },
        {
            "transform_matrix": [
                [
                    0.9999529735967372,
                    0.0,
                    -0.009697968603935972,
                    -0.0
                ],
                [
                    -6.11727356971792e-05,
                    -0.9999801057036662,
                    -0.0063074919564717405,
                    -0.0
                ],
                [
                    -0.00969777566967473,
                    0.006307788589081627,
                    -0.9999330802359606,
                    -0.0
                ]
            ]
        },
        {
            "transform_matrix": [
                [
                    0.9999399010177614,
                    0.0,
                    -0.010963318502597994,
                    -0.0
                ],
                [
                    -7.223017505654682e-05,
                    -0.999978296589264,
                    -0.0065879536455520785,
                    -0.0
                ],
                [
                    -0.010963080561193501,
                    0.00658834959865759,
                    -0.9999181989113782,
                    -0.0
                ]
            ]
        },
        {
            "transform_matrix": [
                [
                    0.9999244531314956,
                    0.0,
                    -0.01229178708241865,
                    -0.0
                ],
                [
                    -8.411112391043548e-05,
                    -0.99997658727829,
                    -0.006842354900429042,
                    -0.0
                ],
                [
                    -0.01229149929822837,
                    0.006842871857969489,
                    -0.9999010421785434,
                    -0.0
                ]
            ]
        },
        {
            "transform_matrix": [
                [
                    0.999906424028177,
                    0.0,
                    -0.013680028771299615,
                    -0.0
                ],
                [
                    -9.671849972281373e-05,
                    -0.9999750068778096,
                    -0.007069389312842901,
                    -0.0
                ],
                [
                    -0.013679686864668965,
                    0.007070050899726681,
                    -0.9998814332447423,
                    -0.0
                ]
            ]
        },
        {
            "transform_matrix": [
                [
                    0.9998856177068783,
                    0.0,
                    -0.015124533147650417,
                    -0.0
                ],
                [
                    -0.00010993476867915998,
                    -0.9999735830959701,
                    -0.007267807410326644,
                    -0.0
                ],
                [
                    -0.015124133604309758,
                    0.007268638813902051,
                    -0.9998592038244745,
                    -0.0
                ]
            ]
        },
        {
            "transform_matrix": [
                [
                    0.9998618511411502,
                    0.0,
                    -0.016621631466022687,
                    -0.0
                ],
                [
                    -0.00012362250226902196,
                    -0.9999723418089371,
                    -0.0074364194762755334,
                    -0.0
                ],
                [
                    -0.016621171741763825,
                    0.007437446951084581,
                    -0.9998341967710349,
                    -0.0
                ]
            ]
        },
        {
            "transform_matrix": [
                [
                    0.9998349572886945,
                    0.0,
                    -0.01816750350252584,
                    -0.0
                ],
                [
                    -0.00013762517083668757,
                    -0.9999713066357179,
                    -0.007574098267613811,
                    -0.0
                ],
                [
                    -0.018166982215729745,
                    0.007575348523673242,
                    -0.9998062686600431,
                    -0.0
                ]
            ]
        },
        {
            "transform_matrix": [
                [
                    0.9998047880146385,
                    0.0,
                    -0.019758184709224413,
                    -0.0
                ],
                [
                    -0.00015176817078660417,
                    -0.9999704985251593,
                    -0.00767978162233845,
                    -0.0
                ],
                [
                    -0.019757601813635315,
                    0.007681281100472193,
                    -0.9997752922988392,
                    -0.0
                ]
            ]
        },
        {
            "transform_matrix": [
                [
                    0.9997712168983443,
                    0.0,
                    -0.021389573665782983,
                    -0.0
                ],
                [
                    -0.00016586008000343553,
                    -0.999969935359356,
                    -0.007752474949286064,
                    -0.0
                ],
                [
                    -0.021388930595937192,
                    0.007754248990421104,
                    -0.9997411591359819,
                    -0.0
                ]
            ]
        },
        {
            "transform_matrix": [
                [
                    0.9997341418943068,
                    0.0,
                    -0.023057439815690473,
                    -0.0
                ],
                [
                    -0.0001796941339425285,
                    -0.9999696315776163,
                    -0.007791253592613777,
                    -0.0
                ],
                [
                    -0.02305673959761906,
                    0.0077933255113712815,
                    -0.9997037815456143,
                    -0.0
                ]
            ]
        },
        {
            "transform_matrix": [
                [
                    0.9996934878185595,
                    0.0,
                    -0.02475743147347201,
                    -0.0
                ],
                [
                    -0.000193049912782285,
                    -0.9999695978250127,
                    -0.007795265063711633,
                    -0.0
                ],
                [
                    -0.02475667879370812,
                    0.0077976551399987154,
                    -0.9996630949622092,
                    -0.0
                ]
            ]
        },
        {
            "transform_matrix": [
                [
                    0.9996492086331238,
                    0.0,
                    -0.02648508408839437,
                    -0.0
                ],
                [
                    -0.00020569522802258388,
                    -0.9999698406293855,
                    -0.007763731133573743,
                    -0.0
                ],
                [
                    -0.026484285314927594,
                    0.0077664555391280966,
                    -0.9996190598421562,
                    -0.0
                ]
            ]
        },
        {
            "transform_matrix": [
                [
                    0.9996012895023896,
                    0.0,
                    -0.02823582874930103,
                    -0.0
                ],
                [
                    -0.00021738819497980902,
                    -0.9999703621104833,
                    -0.007695949779047772,
                    -0.0
                ],
                [
                    -0.028234991898928145,
                    0.007699019458927353,
                    -0.9995716634298105,
                    -0.0
                ]
            ]
        },
        {
            "transform_matrix": [
                [
                    0.9995497485969008,
                    0.0,
                    -0.03000500091438642,
                    -0.0
                ],
                [
                    -0.00022787947578565093,
                    -0.9999711597246961,
                    -0.007591296976855926,
                    -0.0
                ],
                [
                    -0.030004135561899556,
                    0.007594716508620073,
                    -0.9995209213069713,
                    -0.0
                ]
            ]
        },
        {
            "transform_matrix": [
                [
                    0.9994946386218231,
                    0.0,
                    -0.03178784934894643,
                    -0.0
                ],
                [
                    -0.00023691467575952103,
                    -0.9999722260485926,
                    -0.007449228339831589,
                    -0.0
                ],
                [
                    -0.03178696647476326,
                    0.007452994795553015,
                    -0.999466878706298,
                    -0.0
                ]
            ]
        },
        {
            "transform_matrix": [
                [
                    0.999436048049385,
                    0.0,
                    -0.03357954525343403,
                    -0.0
                ],
                [
                    -0.0002442368744083138,
                    -0.9999735486041852,
                    -0.007269280590439688,
                    -0.0
                ],
                [
                    -0.033578657027591254,
                    0.0072733824286478925,
                    -0.9994096115708865,
                    -0.0
                ]
            ]
        },
        {
            "transform_matrix": [
                [
                    0.9993741020367921,
                    0.0,
                    -0.03537519156351531,
                    -0.0
                ],
                [
                    -0.0002495892708266662,
                    -0.9999751097285449,
                    -0.007051072867338856,
                    -0.0
                ],
                [
                    -0.035374311065394515,
                    0.00705548888346045,
                    -0.9993492273441071,
                    -0.0
                ]
            ]
        },
        {
            "transform_matrix": [
                [
                    0.999308963013498,
                    0.0,
                    -0.03716983240327038,
                    -0.0
                ],
                [
                    -0.000252717921939096,
                    -0.9999768864900505,
                    -0.0067943078614921115,
                    -0.0
                ],
                [
                    -0.03716897327797931,
                    0.006799006226265918,
                    -0.9992858654758388,
                    -0.0
                ]
            ]
        },
        {
            "transform_matrix": [
                [
                    0.9992408309242656,
                    0.0,
                    -0.03895846267222443,
                    -0.0
                ],
                [
                    -0.0002533745508546144,
                    -0.9999788506532037,
                    -0.006498772779130596,
                    -0.0
                ],
                [
                    -0.038957638726186725,
                    0.0065037101947880175,
                    -0.9992196976333994,
                    -0.0
                ]
            ]
        },
        {
            "transform_matrix": [
                [
                    0.9991699431171421,
                    0.0,
                    -0.040736037746532755,
                    -0.0
                ],
                [
                    -0.0002513194016055062,
                    -0.9999809686935665,
                    -0.006164340129711832,
                    -0.0
                ],
                [
                    -0.04073526248651551,
                    0.006169461133389126,
                    -0.9991509276077755,
                    -0.0
                ]
            ]
        },
        {
            "transform_matrix": [
                [
                    0.9990965738682839,
                    0.0,
                    -0.04249748327438642,
                    -0.0
                ],
                [
                    -0.00024632411572450807,
                    -0.9999832018639812,
                    -0.005790968337878449,
                    -0.0
                ],
                [
                    -0.042496769395881914,
                    0.005796204780742149,
                    -0.99907979090814,
                    -0.0
                ]
            ]
        },
        {
            "transform_matrix": [
                [
                    0.9990210335384848,
                    0.0,
                    -0.04423770504555503,
                    -0.0
                ],
                [
                    -0.00023817460548666565,
                    -0.9999855063128283,
                    -0.005378702179303439,
                    -0.0
                ],
                [
                    -0.04423706387809691,
                    0.005383972908210284,
                    -0.9990065540401468,
                    -0.0
                ]
            ]
        },
        {
            "transform_matrix": [
                [
                    0.9989436673592561,
                    0.0,
                    -0.045951598914944485,
                    -0.0
                ],
                [
                    -0.00022667389821026627,
                    -0.9999878332546567,
                    -0.004927673041190751,
                    -0.0
                ],
                [
                    -0.045951039833542366,
                    0.004932883807369472,
                    -0.998931513466043,
                    -0.0
                ]
            ]
        },
        {
            "transform_matrix": [
                [
                    0.998864853849359,
                    0.0,
                    -0.047634060760119654,
                    -0.0
                ],
                [
                    -0.00021164492578038322,
                    -0.9999901291930892,
                    -0.004438099009072387,
                    -0.0
                ],
                [
                    -0.04763359057350351,
                    0.004443142625320268,
                    -0.9988549942472565,
                    -0.0
                ]
            ]
        },
        {
            "transform_matrix": [
                [
                    0.9987850028657818,
                    0.0,
                    -0.04927999645292551,
                    -0.0
                ],
                [
                    -0.0001929332335320245,
                    -0.999992336195477,
                    -0.00391028478239162,
                    -0.0
                ],
                [
                    -0.0492796187806658,
                    0.003915041546651146,
                    -0.9987773483727593,
                    -0.0
                ]
            ]
        },
        {
            "transform_matrix": [
                [
                    0.9987045532962484,
                    0.0,
                    -0.050884331825632026,
                    -0.0
                ],
                [
                    -0.0001704095828093195,
                    -0.9999943922183346,
                    -0.00334462142217326,
                    -0.0
                ],
                [
                    -0.05088404647740896,
                    0.0033489598211345457,
                    -0.9986989527791653,
                    -0.0
                ]
            ]
        },
        {
            "transform_matrix": [
                [
                    0.9986239704034336,
                    0.0,
                    -0.052442022612424644,
                    -0.0
                ],
                [
                    -0.00014397242190257085,
                    -0.9999962314821509,
                    -0.0027415859348430306,
                    -0.0
                ],
                [
                    -0.05244182498372638,
                    0.002745363636460137,
                    -0.9986202070711766,
                    -0.0
                ]
            ]
        },
        {
            "transform_matrix": [
                [
                    0.9985437428341093,
                    0.0,
                    -0.05394806434755759,
                    -0.0
                ],
                [
                    -0.00011355020065468152,
                    -0.999997784893744,
                    -0.0021017406969565003,
                    -0.0
                ],
                [
                    -0.05394794484686276,
                    0.00210480583553731,
                    -0.9985415309536176,
                    -0.0
                ]
            ]
        },
        {
            "transform_matrix": [
                [
                    0.998464379309433,
                    0.0,
                    -0.05539750220207432,
                    -0.0
                ],
                [
                    -7.910350481915031e-05,
                    -0.9999989805138948,
                    -0.001425732726222018,
                    -0.0
                ],
                [
                    -0.05539744572509056,
                    0.0014279254781308234,
                    -0.9984633613888717,
                    -0.0
                ]
            ]
        },
        {
            "transform_matrix": [
                [
                    0.9983864050155002,
                    0.0,
                    -0.05678544074166834,
                    -0.0
                ],
                [
                    -4.062698723866448e-05,
                    -0.9999997440675857,
                    -0.0007142928047410125,
                    -0.0
                ],
                [
                    -0.056785426208433396,
                    0.0007154472468301718,
                    -0.9983861494960572,
                    -0.0
                ]
            ]
        },
        {
            "transform_matrix": [
                [
                    0.9983103577160787,
                    0.0,
                    -0.05810705358900077,
                    -0.0
                ],
                [
                    1.8489259100514591e-06,
                    -0.999999999493766,
                    3.176553916689032e-05,
                    -0.0
                ],
                [
                    -0.058107053559585,
                    -3.181930240567983e-05,
                    -0.9983103572106999,
                    -0.0
                ]
            ]
        },
        {
            "transform_matrix": [
                [
                    0.998236783612116,
                    0.0,
                    -0.05935759297459356,
                    -0.0
                ],
                [
                    4.8256574200794165e-05,
                    -0.9999996695311811,
                    0.0008115471838448488,
                    -0.0
                ],
                [
                    -0.05935757335875992,
                    -0.0008129806446405115,
                    -0.9982364537259851,
                    -0.0
                ]
            ]
        },
        {
            "transform_matrix": [
                [
                    0.9981662329751396,
                    0.0,
                    -0.06053239916126891,
                    -0.0
                ],
                [
                    9.84898662358898e-05,
                    -0.9999986763364416,
                    0.0016240766949446436,
                    -0.0
                ],
                [
                    -0.06053231903673804,
                    -0.0016270603445519408,
                    -0.9981649117388718,
                    -0.0
                ]
            ]
        },
        {
            "transform_matrix": [
                [
                    0.9980992555840215,
                    0.0,
                    -0.061626909727992236,
                    -0.0
                ],
                [
                    0.00015240336428740814,
                    -0.9999969421301614,
                    0.0024682997267777857,
                    -0.0
                ],
                [
                    -0.06162672128092374,
                    -0.002473000268228334,
                    -0.9980962035264119,
                    -0.0
                ]
            ]
        },
        {
            "transform_matrix": [
                [
                    0.9980363959967498,
                    0.0,
                    -0.06263666869988381,
                    -0.0
                ],
                [
                    0.00020981166562579836,
                    -0.9999943898666839,
                    0.003343084537310896,
                    -0.0
                ],
                [
                    -0.06263631729982193,
                    -0.0033496619469194017,
                    -0.9980307968795139,
                    -0.0
                ]
            ]
        },
        {
            "transform_matrix": [
                [
                    0.9979781886908177,
                    0.0,
                    -0.06355733551207735,
                    -0.0
                ],
                [
                    0.0002704890938757281,
                    -0.9999909439226227,
                    0.004247223609860493,
                    -0.0
                ],
                [
                    -0.06355675993192905,
                    -0.004255828091225268,
                    -0.99796915092312,
                    -0.0
                ]
            ]
        },
        {
            "transform_matrix": [
                [
                    0.9979251531075836,
                    0.0,
                    -0.06438469379600945,
                    -0.0
                ],
                [
                    0.00033416971162884054,
                    -0.9999865307991915,
                    0.00517943537477531,
                    -0.0
                ],
                [
                    -0.06438382658563971,
                    -0.0051902042539426095,
                    -0.9979117118533045,
                    -0.0
                ]
            ]
        },
        {
            "transform_matrix": [
                [
                    0.9978777886374668,
                    0.0,
                    -0.06511465997760567,
                    -0.0
                ],
                [
                    0.0004005476633213793,
                    -0.9999810798330715,
                    0.006138366024740161,
                    -0.0
                ],
                [
                    -0.0651134279973694,
                    -0.006151420639517065,
                    -0.9978589086231315,
                    -0.0
                ]
            ]
        },
        {
            "transform_matrix": [
                [
                    0.99783656958411,
                    0.0,
                    -0.06574329167767273,
                    -0.0
                ],
                [
                    0.00046927785506577945,
                    -0.9999745239103794,
                    0.007122591417789544,
                    -0.0
                ],
                [
                    -0.065741616795682,
                    -0.007138034057779803,
                    -0.9978111486102367,
                    -0.0
                ]
            ]
        },
        {
            "transform_matrix": [
                [
                    0.9978019401466434,
                    0.0,
                    -0.06626679590559864,
                    -0.0
                ],
                [
                    0.000539976975724449,
                    -0.9999668001781477,
                    0.008130619062673766,
                    -0.0
                ],
                [
                    -0.06626459585977985,
                    -0.008148530019373221,
                    -0.9977688132999866,
                    -0.0
                ]
            ]
        },
        {
            "transform_matrix": [
                [
                    0.9977743094599222,
                    0.0,
                    -0.06668153703818945,
                    -0.0
                ],
                [
                    0.0006122248610465265,
                    -0.9999578507476179,
                    0.009160890181866164,
                    -0.0
                ],
                [
                    -0.0666787264612556,
                    -0.009181324969997268,
                    -0.9977322540187323,
                    -0.0
                ]
            ]
        },
        {
            "transform_matrix": [
                [
                    0.9977540467330734,
                    0.0,
                    -0.06698404457612171,
                    -0.0
                ],
                [
                    0.0006855662001701561,
                    -0.9999476233835798,
                    0.010211781848225831,
                    -0.0
                ],
                [
                    -0.06698053617851267,
                    -0.010234768660334747,
                    -0.997701787752086,
                    -0.0
                ]
            ]
        },
        {
            "transform_matrix": [
                [
                    0.9977414765268653,
                    0.0,
                    -0.06717102067105078,
                    -0.0
                ],
                [
                    0.0007595125812396663,
                    -0.9999360721739541,
                    0.011281609192122772,
                    -0.0
                ],
                [
                    -0.067166726573726,
                    -0.011307146648242004,
                    -0.9976776930833151,
                    -0.0
                ]
            ]
        },
        {
            "transform_matrix": [
                [
                    0.9977368742103061,
                    0.0,
                    -0.06723934741687998,
                    -0.0
                ],
                [
                    0.0008335448703150512,
                    -0.9999231581738394,
                    0.012368627676677778,
                    -0.0
                ],
                [
                    -0.06723418062263462,
                    -0.012396682929522238,
                    -0.997660206286864,
                    -0.0
                ]
            ]
        },
        {
            "transform_matrix": [
                [
                    0.9977404616364856,
                    0.0,
                    -0.06718609389905486,
                    -0.0
                ],
                [
                    0.0009071159151763425,
                    -0.9999088500182904,
                    0.013471035439650392,
                    -0.0
                ],
                [
                    -0.06717996988782482,
                    -0.013501542693332605,
                    -0.9976495176116565,
                    -0.0
                ]
            ]
        },
        {
            "transform_matrix": [
                [
                    0.9977524030769834,
                    0.0,
                    -0.06700852299599429,
                    -0.0
                ],
                [
                    0.0009796535630638538,
                    -0.999893124498205,
                    0.014586975701409214,
                    -0.0
                ],
                [
                    -0.06700136142647455,
                    -0.014619835198015282,
                    -0.9976457677882374,
                    -0.0
                ]
            ]
        },
        {
            "transform_matrix": [
                [
                    0.9977728014531956,
                    0.0,
                    -0.06670409792690382,
                    -0.0
                ],
                [
                    0.001050563978862881,
                    -0.9998759670938302,
                    0.015714539239320875,
                    -0.0
                ],
                [
                    -0.06669582442378451,
                    -0.015749616762887907,
                    -0.9976490447929341,
                    -0.0
                ]
            ]
        },
        {
            "transform_matrix": [
                [
                    0.9978016949016667,
                    0.0,
                    -0.06627048854023335,
                    -0.0
                ],
                [
                    0.0011192352477539121,
                    -0.9998573724605948,
                    0.01685176692977806,
                    -0.0
                ],
                [
                    -0.06626103654351767,
                    -0.016888893871280508,
                    -0.9976593809011085,
                    -0.0
                ]
            ]
        },
        {
            "transform_matrix": [
                [
                    0.9978390537089733,
                    0.0,
                    -0.06570557733694041,
                    -0.0
                ],
                [
                    0.0011850412439225527,
                    -0.999837344862196,
                    0.017996652359935677,
                    -0.0
                ],
                [
                    -0.06569488998720417,
                    -0.018035626379867595,
                    -0.9976767500601861,
                    -0.0
                ]
            ]
        },
        {
            "transform_matrix": [
                [
                    0.9978847776498768,
                    0.0,
                    -0.06500746522250968,
                    -0.0
                ],
                [
                    0.0012473457445724967,
                    -0.9998158985461421,
                    0.019147144512015983,
                    -0.0
                ],
                [
                    -0.0649954972536506,
                    -0.01918773082911387,
                    -0.9977010656115287,
                    -0.0
                ]
            ]
        },
        {
            "transform_matrix": [
                [
                    0.997938693760378,
