{
    "camera_angle_x": 0.9934924659449375,
    "frames": [
        {
            "transform_matrix": [
                [
                    1.0,
                    0.0,
                    0.0,
                    -0.0
                ],
                [
                    0.0,
                    -1.0,
                    0.0,
                    -0.0
                ],
                [
                    0.0,
                    0.0,
                    -1.0,
                    -0.0
                ]
            ]
        },
        {
            "transform_matrix": [
                [
                    0.9999999981894393,
                    0.0,
                    -6.017575467839517e-05,
                    -0.0
                ],
                [
                    -3.894708706160086e-08,
                    -0.9999997905516606,
                    -0.0006472222442283373,
                    -0.0
                ],
                [
                    -6.0175742074683277e-05,
                    0.0006472222454001725,
                    -0.9999997887411002,
                    -0.0
                ]
            ]
        },
        {
            "transform_matrix": [
                [
                    0.9999999710663774,
                    0.0,
                    -0.00024055611487672568,
                    -0.0
                ],
                [
                    -3.1081623681763617e-07,
                    -0.9999991652723887,
                    -0.0012920736934244053,
                    -0.0
                ],
                [
                    -0.00024055591407789453,
                    0.001292073730808779,
                    -0.9999991363387903,
                    -0.0
                ]
            ]
        },
        {
            "transform_matrix": [
                [
                    0.9999998538214063,
                    0.0,
                    -0.0005407006250770689,
                    -0.0
                ],
                [
                    -1.0447355452172737e-06,
                    -0.9999981333220026,
                    -0.001932188246222925,
                    -0.0
                ],
                [
                    -0.0005406996157631089,
                    0.0019321885286675267,
                    -0.9999979871436818,
                    -0.0
                ]
            ]
        },
        {
            "transform_matrix": [
                [
                    0.999999539318882,
                    0.0,
                    -0.0009598760460642555,
                    -0.0
                ],
                [
                    -2.4622839851180484e-06,
                    -0.999996709842472,
                    -0.0025652091860051277,
                    -0.0
                ],
                [
                    -0.0009598728879208566,
                    0.0025652103677491077,
                    -0.9999962491628697,
                    -0.0
                ]
            ]
        },
        {
            "transform_matrix": [
                [
                    0.999998879408591,
                    0.0,
                    -0.0014970576349086632,
                    -0.0
                ],
                [
                    -4.773813553735532e-06,
                    -0.9999949157725186,
                    -0.003188793866665214,
                    -0.0
                ],
                [
                    -0.0014970500235270945,
                    0.0031887974400042303,
                    -0.999993795186807,
                    -0.0
                ]
            ]
        },
        {
            "transform_matrix": [
                [
                    0.9999976867453767,
                    0.0,
                    -0.0021509309369282794,
                    -0.0
                ],
                [
                    -8.174886585243944e-06,
                    -0.9999927775904306,
                    -0.003800618390065184,
                    -0.0
                ],
                [
                    -0.0021509154020240974,
                    0.003800627181883584,
                    -0.9999904643525146,
                    -0.0
                ]
            ]
        },
        {
            "transform_matrix": [
                [
                    0.9999957371001668,
                    0.0,
                    -0.0029198940895344768,
                    -0.0
                ],
                [
                    -1.2842865146725418e-05,
                    -0.9999903269874425,
                    -0.004398382271777973,
                    -0.0
                ],
                [
                    -0.002919865845362282,
                    0.004398401021720955,
                    -0.9999860641288444,
                    -0.0
                ]
            ]
        },
        {
            "transform_matrix": [
                [
                    0.9999927721413325,
                    0.0,
                    -0.0038020606377238805,
                    -0.0
                ],
                [
                    -1.8933688187289605e-05,
                    -0.999987600474672,
                    -0.004979813091198351,
                    -0.0
                ],
                [
                    -0.003802013493976704,
                    0.004979849084843722,
                    -0.9999803727056265,
                    -0.0
                ]
            ]
        },
        {
            "transform_matrix": [
                [
                    0.9999885026609537,
                    0.0,
                    -0.004795262860754009,
                    -0.0
                ],
                [
                    -2.657887056446388e-05,
                    -0.9999846389272201,
                    -0.005542671121473893,
                    -0.0
                ],
                [
                    -0.004795189200372206,
                    0.0055427348481756865,
                    -0.9999731417647854,
                    -0.0
                ]
            ]
        },
        {
            "transform_matrix": [
                [
                    0.9999826122164034,
                    0.0,
                    -0.005897055609218218,
                    -0.0
                ],
                [
                    -3.588275623874477e-05,
                    -0.999981487069631,
                    -0.006084753933989337,
                    -0.0
                ],
                [
                    -0.005896946437438343,
                    0.006084859736213646,
                    -0.9999640996079332,
                    -0.0
                ]
            ]
        },
        {
            "transform_matrix": [
                [
                    0.9999747611537337,
                    0.0,
                    -0.007104720651303511,
                    -0.0
                ],
                [
                    -4.692005581834979e-05,
                    -0.9999781929074599,
                    -0.006603900971344444,
                    -0.0
                ],
                [
                    -0.007104565718002797,
                    0.006604067650392604,
                    -0.9999529546115795,
                    -0.0
                ]
            ]
        },
        {
            "transform_matrix": [
                [
                    0.9999645909756685,
                    0.0,
                    -0.008415271526462625,
                    -0.0
                ],
                [
                    -5.973369626554722e-05,
                    -0.9999748071102165,
                    -0.007097998081917033,
                    -0.0
                ],
                [
                    -0.00841505952145456,
                    0.007098249424003599,
                    -0.9999393989779406,
                    -0.0
                ]
            ]
        },
        {
            "transform_matrix": [
                [
                    0.9999517290136183,
                    0.0,
                    -0.009825458904052089,
                    -0.0
                ],
                [
                    -7.433300795927883e-05,
                    -0.9999713823514247,
                    -0.007564982008220496,
                    -0.0
                ],
                [
                    -0.009825177722522081,
                    0.0075653471949919185,
                    -0.9999231127464451,
                    -0.0
                ]
            ]
        },
        {
            "transform_matrix": [
                [
                    0.999935793360069,
                    0.0,
                    -0.011331776443675924,
                    -0.0
                ],
                [
                    -9.069227146389003e-05,
                    -0.9999679726119697,
                    -0.008002844820370792,
                    -0.0
                ],
                [
                    -0.01133141351647469,
                    0.008003358689140384,
                    -0.9999037680284096,
                    -0.0
                ]
            ]
        },
        {
            "transform_matrix": [
                [
                    0.9999163980149562,
                    0.0,
                    -0.012930467153028747,
                    -0.0
                ],
                [
                    -0.00010874964330032689,
                    -0.9999646324532828,
                    -0.008409638285095023,
                    -0.0
                ],
                [
                    -0.012930009834127638,
                    0.008410341406331488,
                    -0.9998810334250362,
                    -0.0
                ]
            ]
        },
        {
            "transform_matrix": [
                [
                    0.9998931581972859,
                    0.0,
                    -0.014617530237953558,
                    -0.0
                ],
                [
                    -0.000128406476775693,
                    -0.9999614162672438,
                    -0.008783478159865191,
                    -0.0
                ],
                [
                    -0.014616966239073301,
                    0.008784416702781508,
                    -0.9998545785868852,
                    -0.0
                ]
            ]
        },
        {
            "transform_matrix": [
                [
                    0.9998656957712762,
                    0.0,
                    -0.016388728438223043,
                    -0.0
                ],
                [
                    -0.00014952705052291625,
                    -0.9999583775099509,
                    -0.009122548400950427,
                    -0.0
                ],
                [
                    -0.016388046298536706,
                    0.00912377376234863,
                    -0.9998240788713034,
                    -0.0
                ]
            ]
        },
        {
            "transform_matrix": [
                [
                    0.9998336447347372,
                    0.0,
                    -0.018239595841226565,
                    -0.0
                ],
                [
                    -0.00017193871385947973,
                    -0.9999555679267268,
                    -0.009425105273471136,
                    -0.0
                ],
                [
                    -0.018238785418167675,
                    0.009426673450233495,
                    -0.9997892200529733,
                    -0.0
                ]
            ]
        },
        {
            "transform_matrix": [
                [
                    0.9997966567162516,
                    0.0,
                    -0.02016544616430868,
                    -0.0
                ],
                [
                    -0.00019543245441930556,
                    -0.9999530367758807,
                    -0.009689481350931044,
                    -0.0
                ],
                [
                    -0.020164499129941,
                    0.00969145204261368,
                    -0.9997497030417885,
                    -0.0
                ]
            ]
        },
        {
            "transform_matrix": [
                [
                    0.9997544064270156,
                    0.0,
                    -0.02216138149497246,
                    -0.0
                ],
                [
                    -0.00021976388977294848,
                    -0.9999508300588463,
                    -0.009914089391218218,
                    -0.0
                ],
                [
                    -0.022160291821148467,
                    0.009916524825981819,
                    -0.9997052485616835,
                    -0.0
                ]
            ]
        },
        {
            "transform_matrix": [
                [
                    0.9997065970129332,
                    0.0,
                    -0.02422230147654873,
                    -0.0
                ],
                [
                    -0.00024465468095748947,
                    -0.9999489897643441,
                    -0.010097426075721755,
                    -0.0
                ],
                [
                    -0.02422106589124228,
                    0.010100389560189252,
                    -0.9996556017438328,
                    -0.0
                ]
            ]
        },
        {
            "transform_matrix": [
                [
                    0.9996529652527482,
                    0.0,
                    -0.026342912925258862,
                    -0.0
                ],
                [
                    -0.00026979436201917854,
                    -0.9999475531341888,
                    -0.010238075598023297,
                    -0.0
                ],
                [
                    -0.026341531322039594,
                    0.01024162979943219,
                    -0.9996005365878218,
                    -0.0
                ]
            ]
        },
        {
            "transform_matrix": [
                [
                    0.9995932865486407,
                    0.0,
                    -0.02851773986288448,
                    -0.0
                ],
                [
                    -0.00029484257586000873,
                    -0.9999465519582693,
                    -0.010334713088604588,
                    -0.0
                ],
                [
                    -0.028516215645534224,
                    0.01033891806565439,
                    -0.9995398602449475,
                    -0.0
                ]
            ]
        },
        {
            "transform_matrix": [
                [
                    0.9995273796568157,
                    0.0,
                    -0.030741133947526044,
                    -0.0
                ],
                [
                    -0.0003194317029056101,
                    -0.9999460119060741,
                    -0.010386107862174475,
                    -0.0
                ],
                [
                    -0.030739474292299097,
                    0.010391018869078414,
                    -0.9994734170787614,
                    -0.0
                ]
            ]
        },
        {
            "transform_matrix": [
                [
                    0.9994551111071638,
                    0.0,
                    -0.03300728528320583,
                    -0.0
                ],
                [
                    -0.0003431698654079492,
                    -0.999945951901918,
                    -0.010391126474567802,
                    -0.0
                ],
                [
                    -0.03300550130221343,
                    0.010396791570815873,
                    -0.9994010924592901,
                    -0.0
                ]
            ]
        },
        {
            "transform_matrix": [
                [
                    0.9993763992630629,
                    0.0,
                    -0.03531023358737599,
                    -0.0
                ],
                [
                    -0.0003656442865941176,
                    -0.9999463835507477,
                    -0.010348735576707803,
                    -0.0
                ],
                [
                    -0.03530834037802877,
                    0.010355193082745328,
                    -0.9993228162490678,
                    -0.0
                ]
            ]
        },
        {
            "transform_matrix": [
                [
                    0.9992912179748215,
                    0.0,
                    -0.03764387969375339,
                    -0.0
                ],
                [
                    -0.00038642498040340805,
                    -0.9999473106210685,
                    -0.010258004553853036,
                    -0.0
                ],
                [
                    -0.03764189626111176,
                    0.010265280400084034,
                    -0.9992385659411747,
                    -0.0
                ]
            ]
        },
        {
            "transform_matrix": [
                [
                    0.9991995997830978,
                    0.0,
                    -0.04000199736634554,
                    -0.0
                ],
                [
                    -0.00040506874424964186,
                    -0.9999487285911423,
                    -0.010118107939265143,
                    -0.0
                ],
                [
                    -0.03999994640758345,
                    0.010126212962316578,
                    -0.9991483694118868,
                    -0.0
                ]
            ]
        },
        {
            "transform_matrix": [
                [
                    0.9991016386318737,
                    0.0,
                    -0.04237824539908116,
                    -0.0
                ],
                [
                    -0.0004211234241340452,
                    -0.9999506242641569,
                    -0.00992832759252729,
                    -0.0
                ],
                [
                    -0.04237615294203084,
                    0.009937254838379315,
                    -0.9990523072532843,
                    -0.0
                ]
            ]
        },
        {
            "transform_matrix": [
                [
                    0.9989974920541708,
                    0.0,
                    -0.04476617997413856,
                    -0.0
                ],
                [
                    -0.0004341324185442349,
                    -0.9999529754575721,
                    -0.009688054634003825,
                    -0.0
                ],
                [
                    -0.04476407486500903,
                    0.009697776732234768,
                    -0.9989505146542204,
                    -0.0
                ]
            ]
        },
        {
            "transform_matrix": [
                [
                    0.9988873827976598,
                    0.0,
                    -0.047159267250898036,
                    -0.0
                ],
                [
                    -0.000443639384933751,
                    -0.9999557507712961,
                    -0.009396791128343908,
                    -0.0
                ],
                [
                    -0.04715718048969594,
                    0.009407257805204829,
                    -0.9988431828014088,
                    -0.0
                ]
            ]
        },
        {
            "transform_matrix": [
                [
                    0.9987715998615962,
                    0.0,
                    -0.0495508961564516,
                    -0.0
                ],
                [
                    -0.00044919311020877653,
                    -0.9999589094387613,
                    -0.009054151511478007,
                    -0.0
                ],
                [
                    -0.04954886008231865,
                    0.009065287311666328,
                    -0.9987305597760087,
                    -0.0
                ]
            ]
        },
        {
            "transform_matrix": [
                [
                    0.9986504989210857,
                    0.0,
                    -0.05193439134780238,
                    -0.0
                ],
                [
                    -0.0004503525045766383,
                    -0.9999624012643316,
                    -0.00865986375721435,
                    -0.0
                ],
                [
                    -0.051932438680349996,
                    0.008671566044947884,
                    -0.9986129509249516,
                    -0.0
                ]
            ]
        },
        {
            "transform_matrix": [
                [
                    0.9985245021195026,
                    0.0,
                    -0.054303026315294156,
                    -0.0
                ],
                [
                    -0.00044669167635428165,
                    -0.9999661666498084,
                    -0.008213770281288401,
                    -0.0
                ],
                [
                    -0.054301189061988366,
                    0.008225907590503356,
                    -0.9984907186903476,
                    -0.0
                ]
            ]
        },
        {
            "transform_matrix": [
                [
                    0.9983940972149334,
                    0.0,
                    -0.056650036596440356,
                    -0.0
                ],
                [
                    -0.00043780504391129906,
                    -0.9999701367121063,
                    -0.007715828582526129,
                    -0.0
                ],
                [
                    -0.05664834484008829,
                    0.007728239383676035,
                    -0.9983642818845769,
                    -0.0
                ]
            ]
        },
        {
            "transform_matrix": [
                [
                    0.9982598360717275,
                    0.0,
                    -0.058968633069181035,
                    -0.0
                ],
                [
                    -0.00042331243984539385,
                    -0.9999742334934387,
                    -0.0071661116226219256,
                    -0.0
                ],
                [
                    -0.05896711365351015,
                    0.007178603569609128,
                    -0.9982341144031115,
                    -0.0
                ]
            ]
        },
        {
            "transform_matrix": [
                [
                    0.9981223324935984,
                    0.0,
                    -0.0612520152936925,
                    -0.0
                ],
                [
                    -0.0004028641617694615,
                    -0.9999783702646146,
                    -0.006564807947875321,
                    -0.0
                ],
                [
                    -0.06125069042880987,
                    0.006577157663103812,
                    -0.9981007433716642,
                    -0.0
                ]
            ]
        },
        {
            "transform_matrix": [
                [
                    0.9979822594001707,
                    0.0,
                    -0.06349338487220829,
                    -0.0
                ],
                [
                    -0.0003761459237365426,
                    -0.9999824519212788,
                    -0.005912221558045645,
                    -0.0
                ],
                [
                    -0.06349227068529227,
                    0.005924175006476707,
                    -0.9979647467289203,
                    -0.0
                ]
            ]
        },
        {
            "transform_matrix": [
                [
                    0.997840345354373,
                    0.0,
                    -0.0656859587968811,
                    -0.0
                ],
                [
                    -0.00034288366234626544,
                    -0.9999863754721613,
                    -0.005208771529239143,
                    -0.0
                ],
                [
                    -0.06568506385670686,
                    0.005220045023725013,
                    -0.9978267502508091,
                    -0.0
                ]
            ]
        },
        {
            "transform_matrix": [
                [
                    0.9976973704535906,
                    0.0,
                    -0.06782298275651698,
                    -0.0
                ],
                [
                    -0.00030284815196527623,
                    -0.9999900306176197,
                    -0.004454991399408078,
                    -0.0
                ],
                [
                    -0.06782230660326771,
                    0.004465273269571385,
                    -0.9976874240270047,
                    -0.0
                ]
            ]
        },
        {
            "transform_matrix": [
                [
                    0.9975541616029788,
                    0.0,
                    -0.06989774437403486,
                    -0.0
                ],
                [
                    -0.00025585938425242105,
                    -0.9999933004159856,
                    -0.0036515283265848957,
                    -0.0
                ],
                [
                    -0.069897276088224,
                    0.0036604812722320977,
                    -0.9975474784050642,
                    -0.0
                ]
            ]
        },
        {
            "transform_matrix": [
                [
                    0.9974115871947418,
                    0.0,
                    -0.07190358634773442,
                    -0.0
                ],
                [
                    -0.00020179066830185415,
                    -0.9999960620344535,
                    -0.0027991420313679765,
                    -0.0
                ],
                [
                    -0.07190330319388871,
                    0.0028064061690326564,
                    -0.9974076594222757,
                    -0.0
                ]
            ]
        },
        {
            "transform_matrix": [
                [
                    0.9972705512224697,
                    0.0,
                    -0.07383391947087373,
                    -0.0
                ],
                [
                    -0.0001405724091954113,
                    -0.9999981875804969,
                    -0.0018987035363912997,
                    -0.0
                ],
                [
                    -0.07383378565283809,
                    0.0019039001342853648,
                    -0.9972687437498727,
                    -0.0
                ]
            ]
        },
        {
            "transform_matrix": [
                [
                    0.9971319868647621,
                    0.0,
                    -0.07568223550564535,
                    -0.0
                ],
                [
                    -7.21955245782429e-05,
                    -0.9999995450090564,
                    -0.0009511937165238373,
                    -0.0
                ],
                [
                    -0.0756822010709136,
                    0.0009539295991442753,
                    -0.9971315331787385,
                    -0.0
                ]
            ]
        },
        {
            "transform_matrix": [
                [
                    0.9969968495772894,
                    0.0,
                    -0.07744211988937136,
                    -0.0
                ],
                [
                    3.285538975164546e-06,
                    -0.9999999991000285,
                    4.2298325666728326e-05,
                    -0.0
                ],
                [
                    -0.07744211981967565,
                    -4.2425736535338234e-05,
                    -0.9969968486800206,
                    -0.0
                ]
            ]
        },
        {
            "transform_matrix": [
                [
                    0.9968661097371461,
                    0.0,
                    -0.07910726425258525,
                    -0.0
                ],
                [
                    8.575022557025347e-05,
                    -0.9999994124999027,
                    0.0010805770441051216,
                    -0.0
                ],
                [
                    -0.0791072177770598,
                    -0.0010839740999822418,
                    -0.9968655240782095,
                    -0.0
                ]
            ]
        },
        {
            "transform_matrix": [
                [
                    0.9967407448877654,
                    0.0,
                    -0.08067147873060501,
                    -0.0
                ],
                [
                    0.00017500975858008395,
                    -0.9999976468207443,
                    0.0021623423776854903,
                    -0.0
                ],
                [
                    -0.08067128889615474,
                    -0.002169413048253559,
                    -0.9967383993781213,
                    -0.0
                ]
            ]
        },
        {
            "transform_matrix": [
                [
                    0.9966217316367868,
                    0.0,
                    -0.08212870405219137,
                    -0.0
                ],
                [
                    0.00027080552817727405,
                    -0.9999945637891084,
                    0.0032861918076454565,
                    -0.0
                ],
                [
                    -0.0821282575832359,
                    -0.0032973310769056066,
                    -0.9966163137908746,
                    -0.0
                ]
            ]
        },
        {
            "transform_matrix": [
                [
                    0.9965100372630386,
                    0.0,
                    -0.083473023390899,
                    -0.0
                ],
                [
                    0.0003728080044861957,
                    -0.9999900264369134,
                    0.004450622528703123,
                    -0.0
                ],
                [
                    -0.08347219086743418,
                    -0.004466209433200459,
                    -0.9965000985073155,
                    -0.0
                ]
            ]
        },
        {
            "transform_matrix": [
                [
                    0.9964066110922176,
                    0.0,
                    -0.08469867396672799,
                    -0.0
                ],
                [
                    0.00048061619951264594,
                    -0.9999839003257849,
                    0.005654033719353596,
                    -0.0
                ],
                [
                    -0.08469731034567067,
                    -0.0056744241320878935,
                    -0.9963905692703933,
                    -0.0
                ]
            ]
        },
        {
            "transform_matrix": [
                [
                    0.9963123757038643,
                    0.0,
                    -0.08580005838763709,
                    -0.0
                ],
                [
                    0.000593757697285138,
                    -0.9999760547959269,
                    0.006894728897525445,
                    -0.0
                ],
                [
                    -0.08579800388772951,
                    -0.0069202481728228345,
                    -0.9962885188007076,
                    -0.0
                ]
            ]
        },
        {
            "transform_matrix": [
                [
                    0.9962282180348339,
                    0.0,
                    -0.0867717557223514,
                    -0.0
                ],
                [
                    0.0007116892677398853,
                    -0.9999663642301787,
                    0.008170918348865335,
                    -0.0
                ],
                [
                    -0.08676883708754894,
                    -0.008201853953688784,
                    -0.9961947091318025,
                    -0.0
                ]
            ]
        },
        {
            "transform_matrix": [
                [
                    0.9961549804466427,
                    0.0,
                    -0.08760853229765292,
                    -0.0
                ],
                [
                    0.0008337980758264247,
                    -0.9999547093235793,
                    0.009480721616238884,
                    -0.0
                ],
                [
                    -0.08760456444796494,
                    -0.009517315881900268,
                    -0.9961098639137584,
                    -0.0
                ]
            ]
        },
        {
            "transform_matrix": [
                [
                    0.996093451825778,
                    0.0,
                    -0.0883053522149508,
                    -0.0
                ],
                [
                    0.0009594034931287081,
                    -0.9999409783484973,
                    0.010822170040588818,
                    -0.0
                ],
                [
                    -0.08830014028722653,
                    -0.01086461317535262,
                    -0.9960346607452002,
                    -0.0
                ]
            ]
        },
        {
            "transform_matrix": [
                [
                    0.9960443587873177,
                    0.0,
                    -0.08885738758235628,
                    -0.0
                ],
                [
                    0.0010877595150134993,
                    -0.9999250684051806,
                    0.012193209345055718,
                    -0.0
                ],
                [
                    -0.08885072935659324,
                    -0.012241632852477504,
                    -0.9959697235950029,
                    -0.0
                ]
            ]
        },
        {
            "transform_matrix": [
                [
                    0.9960083570529776,
                    0.0,
                    -0.0892600284597094,
                    -0.0
                ],
                [
                    0.0012180577819600655,
                    -0.9999068866474609,
                    0.013591702256214904,
                    -0.0
                ],
                [
                    -0.08925171715921178,
                    -0.013646172906049183,
                    -0.9959156153756954,
                    -0.0
                ]
            ]
        },
        {
            "transform_matrix": [
                [
                    0.9959860230749924,
                    0.0,
                    -0.08950889251499342,
                    -0.0
                ],
                [
                    0.001349431199318038,
                    -0.9998863514732893,
                    0.015015431158384152,
                    -0.0
                ],
                [
                    -0.08949871996123158,
                    -0.015075945656371496,
                    -0.9958728307308454,
                    -0.0
                ]
            ]
        },
        {
            "transform_matrix": [
                [
                    0.9959778459770328,
                    0.0,
                    -0.08959983439130949,
                    -0.0
                ],
                [
                    0.0014809581453093137,
                    -0.9998633936698093,
                    0.016462100779177063,
                    -0.0
                ],
                [
                    -0.0895875944867476,
                    -0.016528581278861778,
                    -0.9958417890985426,
                    -0.0
                ]
            ]
        },
        {
            "transform_matrix": [
                [
                    0.9959842198826627,
                    0.0,
                    -0.08952895478404611,
                    -0.0
                ],
                [
                    0.0016116672526595645,
                    -0.9998379575027722,
                    0.017929340906776822,
                    -0.0
                ],
                [
                    -0.08951444728863871,
                    -0.018001631500636713,
                    -0.9958228281124734,
                    -0.0
                ]
            ]
        },
        {
            "transform_matrix": [
                [
                    0.9960054367006462,
                    0.0,
                    -0.08929260922805986,
                    -0.0
                ],
                [
                    0.0017405427448398195,
                    -0.999810001740278,
                    0.01941470914174554,
                    -0.0
                ],
                [
                    -0.08927564378770049,
                    -0.019492573460300013,
                    -0.9958161974009995,
                    -0.0
                ]
            ]
        },
        {
            "transform_matrix": [
                [
                    0.9960416794347233,
                    0.0,
                    -0.08888741659456617,
                    -0.0
                ],
                [
                    0.00186653030354223,
                    -0.9997795006010844,
                    0.020915693688522148,
                    -0.0
                ],
                [
                    -0.08886781697263592,
                    -0.020998813724735183,
                    -0.9958220528431131,
                    -0.0
                ]
            ]
        },
        {
            "transform_matrix": [
                [
                    0.9960930160833007,
                    0.0,
                    -0.08831026729703155,
                    -0.0
                ],
                [
                    0.001988543439729976,
                    -0.9997464446180554,
                    0.022429716194052044,
                    -0.0
                ],
                [
                    -0.08828787575347742,
                    -0.022517692456320067,
                    -0.9958404513381554,
                    -0.0
                ]
            ]
        },
        {
            "transform_matrix": [
                [
                    0.9961593941918416,
                    0.0,
                    -0.08755833120464893,
                    -0.0
                ],
                [
                    0.00210547033641223,
                    -0.9997108414077335,
                    0.023954134643191315,
                    -0.0
                ],
                [
                    -0.08753301296085658,
                    -0.024046487723608415,
                    -0.9958713461437441,
                    -0.0
                ]
            ]
        },
        {
            "transform_matrix": [
                [
                    0.9962406361176036,
                    0.0,
                    -0.08662906526098767,
                    -0.0
                ],
                [
                    0.0022161811272237574,
                    -0.9996727163375,
                    0.02548624632258963,
                    -0.0
                ],
                [
                    -0.0866007129832301,
                    -0.025582419948167064,
                    -0.9959145828334837,
                    -0.0
                ]
            ]
        },
        {
            "transform_matrix": [
                [
                    0.9963364350627812,
