{
    "camera_angle_x": 0.9934924659449375,
    "frames": [
        {
            "transform_matrix": [
                [
                    1.0,
                    0.0,
                    0.0,
                    -0.0
                ],
                [
                    0.0,
                    -0.9961946980917455,
                    -0.08715574274765817,
                    -0.6972459419812653
                ],
                [
                    0.0,
                    0.08715574274765817,
                    -0.9961946980917455,
                    0.030442415266035833
                ]
            ]
        },
        {
            "transform_matrix": [
                [
                    0.9999849122968346,
                    0.0,
                    -0.005493193851664584,
                    -0.044024006642806736
                ],
                [
                    -0.0004778163244239406,
                    -0.9962097667280992,
                    -0.08698202324104788,
                    -0.6944609983438254
                ],
                [
                    -0.005472373365559004,
                    0.08698333561979604,
                    -0.9961947362108484,
                    0.046421027289096646
                ]
            ]
        },
        {
            "transform_matrix": [
                [
                    0.9999398887731151,
                    0.0,
                    -0.010964435252673873,
                    -0.08769231155378042
                ],
                [
                    -0.0009480594380884779,
                    -0.9962547342554026,
                    -0.086461584862869,
                    -0.6889192363179609
                ],
                [
                    -0.010923370528913177,
                    0.08646678248724911,
                    -0.9961948481610367,
                    0.062396321933263006
                ]
            ]
        },
        {
            "transform_matrix": [
                [
                    0.9998656443603252,
                    0.0,
                    -0.01639186468684307,
                    -0.1308278143603423
                ],
                [
                    -0.001403276161915925,
                    -0.9963288892781977,
                    -0.08559658407720622,
                    -0.6806547984243806
                ],
                [
                    -0.01633168833664087,
                    0.08560808600636294,
                    -0.9961950268729522,
                    0.07836466235638313
                ]
            ]
        },
        {
            "transform_matrix": [
                [
                    0.9997633579205554,
                    0.0,
                    -0.021753807929085062,
                    -0.17325667641259065
                ],
                [
                    -0.0018362514778739697,
                    -0.9964310585791362,
                    -0.08439060184269423,
                    -0.6697129740019794
                ],
                [
                    -0.021676169862905433,
                    0.08441057693714776,
                    -0.9961952610614108,
                    0.09432239604447555
                ]
            ]
        },
        {
            "transform_matrix": [
                [
                    0.9996346534283663,
                    0.0,
                    -0.027028867256139052,
                    -0.2148091666026743
                ],
                [
                    -0.002240122883834362,
                    -0.9965596255806651,
                    -0.08284862408024528,
                    -0.6561499167931989
                ],
                [
                    -0.026935877832647434,
                    0.08287890360353758,
                    -0.9961955359380307,
                    0.11026585809824428
                ]
            ]
        },
        {
            "transform_matrix": [
                [
                    0.9994815740563182,
                    0.0,
                    -0.03219601096261116,
                    -0.25532046730161645
                ],
                [
                    -0.0026084891615272077,
                    -0.9967125557923966,
                    -0.08097701470221562,
                    -0.640032305794415
                ],
                [
                    -0.032090168372864186,
                    0.08101901706259246,
                    -0.9961958341450804,
                    0.1261913754740934
                ]
            ]
        },
        {
            "transform_matrix": [
                [
                    0.9993065495859667,
                    0.0,
                    -0.037234660661671984,
                    -0.2946314320857701
                ],
                [
                    -0.002935511833693005,
                    -0.9968874288518548,
                    -0.07878348156442702,
                    -0.621436953401316
                ],
                [
                    -0.037118765131185484,
                    0.07883815191351307,
                    -0.9961961368515728,
                    0.14209527197727934
                ]
            ]
        },
        {
            "transform_matrix": [
                [
                    0.9991123576738329,
                    0.0,
                    -0.042124775885872656,
                    -0.3325892880352152
                ],
                [
                    -0.0032160077023542116,
                    -0.9970814766637166,
                    -0.07627703578771833,
                    -0.6004503655133921
                ],
                [
                    -0.042001833744414026,
                    0.0763448026659475,
                    -0.9961964249423927,
                    0.15797387375523367
                ]
            ]
        },
        {
            "transform_matrix": [
                [
                    0.9989020796003486,
                    0.0,
                    -0.046846935546509684,
                    -0.3690482766773475
                ],
                [
                    -0.0034455310014379387,
                    -0.9972916270471015,
                    -0.07346794496828629,
                    -0.5771682587636282
                ],
                [
                    -0.046720056573349336,
                    0.07354869558153301,
                    -0.996196680225365,
                    0.1738235150040205
                ]
            ]
        },
        {
            "transform_matrix": [
                [
                    0.9986790512174313,
                    0.0,
                    -0.05138241585845605,
                    -0.40387022907717735
                ],
                [
                    -0.0036204438615488007,
                    -0.9975145522133845,
                    -0.07036768085404255,
                    -0.5516950403963672
                ],
                [
                    -0.05125470754668969,
                    0.0704607559037725,
                    -0.9961968865800436,
                    0.1896405435828895
                ]
            ]
        },
        {
            "transform_matrix": [
                [
                    0.9984468098857455,
                    0.0,
                    -0.055713264389891395,
                    -0.4369250720934215
                ],
                [
                    -0.0037379739699134507,
                    -0.9977467213197586,
                    -0.0669888621061164,
                    -0.5241432565211511
                ],
                [
                    -0.055587726879035,
                    0.06709307039979635,
                    -0.9961970309756749,
                    0.20542132623241802
                ]
            ]
        },
        {
            "transform_matrix": [
                [
                    0.9982090382547172,
                    0.0,
                    -0.05982236995131888,
                    -0.46809126437557397
                ],
                [
                    -0.0037962585114639418,
                    -0.9979844562776354,
                    -0.06334519278956051,
                    -0.49463301452231206
                ],
                [
                    -0.05970179534910652,
                    0.06345884515363048,
                    -0.9961971042940553,
                    0.22116225311143406
                ]
            ]
        },
        {
            "transform_matrix": [
                [
                    0.9979695057860923,
                    0.0,
                    -0.06369352809401221,
                    -0.4972561622200637
                ],
                [
                    -0.003794373694479987,
                    -0.9982239899410816,
                    -0.05945139724492549,
                    -0.46329138530821423
                ],
                [
                    -0.06358040774742925,
                    0.05957235857431948,
                    -0.9961971019053224,
                    0.2368597414060056
                ]
            ]
        },
        {
            "transform_matrix": [
                [
                    0.9977320089546686,
                    0.0,
                    -0.06731150204297176,
                    -0.5243163168826122
                ],
                [
                    -0.003732349392721863,
                    -0.9984615257598496,
                    -0.0553231519829076,
                    -0.43025179085082466
                ],
                [
                    -0.06720794503101282,
                    0.05544890961338414,
                    -0.9961970239603184,
                    0.2525102378184806
                ]
            ]
        },
        {
            "transform_matrix": [
                [
                    0.9975003110774404,
                    0.0,
                    -0.07066207894202986,
                    -0.5491777063109956
                ],
                [
                    -0.003611168671929966,
                    -0.9986932979549974,
                    -0.050977015218564306,
                    -0.3956533821109376
                ],
                [
                    -0.07056974465897217,
                    0.051104761224086206,
                    -0.9961968753810648,
                    0.2681102198127655
                ]
            ]
        },
        {
            "transform_matrix": [
                [
                    0.9972780827247092,
                    0.0,
                    -0.07373212133750155,
                    -0.571755905474026
                ],
                [
                    -0.003432752208197539,
                    -0.9989156312632431,
                    -0.04643035462101974,
                    -0.359640411985941
                ],
                [
                    -0.0736521685302284,
                    0.04655707913901531,
                    -0.9961966655499497,
                    0.28365619556976185
                ]
            ]
        },
        {
            "transform_matrix": [
                [
                    0.9970688436539333,
                    0.0,
                    -0.07650961387046913,
                    -0.591976200481055
                ],
                [
                    -0.003199927845234344,
                    -0.9991249992994653,
                    -0.041701273801034104,
                    -0.3223616073773707
                ],
                [
                    -0.07644266790473483,
                    0.04182386609154538,
                    -0.9961964077172548,
                    0.299144702689314
                ]
            ]
        },
        {
            "transform_matrix": [
                [
                    0.9968759071796197,
                    0.0,
                    -0.07898370518537537,
                    -0.6097736524812679
                ],
                [
                    -0.0029163857731276514,
                    -0.9993180806053298,
                    -0.03680853799462772,
                    -0.2839695438783281
                ],
                [
                    -0.07892984466494654,
                    0.03692389165946155,
                    -0.9961961181644344,
                    0.31457230575678524
                ]
            ]
        },
        {
            "transform_matrix": [
                [
                    0.9967023278510724,
                    0.0,
                    -0.08114474509328001,
                    -0.6250931178811834
                ],
                [
                    -0.002586620039132024,
                    -0.9994918114858027,
                    -0.031771499328828674,
                    -0.24462002595045987
                ],
                [
                    -0.08110350826583614,
                    0.031876617964090866,
                    -0.9961958151759848,
                    0.3299355929680312
                ]
            ]
        },
        {
            "transform_matrix": [
                [
                    0.9965508532551234,
                    0.0,
                    -0.08298431705138905,
                    -0.6378892317087818
                ],
                [
                    -0.002215857317664555,
                    -0.9996434347839485,
                    -0.026610021978523458,
                    -0.20447147482072825
                ],
                [
                    -0.08295472773045073,
                    0.026702121514024856,
                    -0.9961955178848261,
                    0.34523117207090065
                ]
            ]
        },
        {
            "transform_matrix": [
                [
                    0.9964238806941031,
                    0.0,
                    -0.08449526603605499,
                    -0.6481263609794022
                ],
                [
                    -0.001809974068611584,
                    -0.9997705438072857,
                    -0.021344407444460582,
                    -0.16368432570256303
                ],
                [
                    -0.08447587807400797,
                    0.021421011537371214,
                    -0.9961952450641095,
                    0.36045566592962774
                ]
            ]
        },
        {
            "transform_matrix": [
                [
                    0.9963234194114096,
                    0.0,
                    -0.08567172189443002,
                    -0.6557785346871481
                ],
                [
                    -0.0013754033970672331,
                    -0.9998711206951816,
                    -0.015995320104861672,
                    -0.12242043535523563
                ],
                [
                    -0.08566068058246967,
                    0.016054345198782044,
                    -0.9961950139417415,
                    0.37560570804733545
                ]
            ]
        },
        {
            "transform_matrix": [
                [
                    0.99625105894938,
                    0.0,
                    -0.08650911826067155,
                    -0.6608293565702127
                ],
                [
                    -0.0009190330908105097,
                    -0.9999435686051353,
                    -0.010583713119935164,
                    -0.08084250045808122
                ],
                [
                    -0.08650423643045958,
                    0.01062354014569025,
                    -0.9961948391124882,
                    0.3906779383885246
                ]
            ]
        },
        {
            "transform_matrix": [
                [
                    0.9962079441281322,
                    0.0,
                    -0.08700420711666956,
                    -0.6632719061018891
                ],
                [
                    -0.00044809645160572085,
                    -0.999986737194924,
                    -0.005130754702777112,
                    -0.03911348680830699
                ],
                [
                    -0.08700305319682979,
                    0.005150284870763081,
                    -0.9961947316163541,
                    0.4056689998274774
                ]
            ]
        },
        {
            "transform_matrix": [
                [
                    0.9961947570310637,
                    0.0,
                    -0.08715506906554456,
                    -0.6631086322712646
                ],
                [
                    2.9942349427492247e-05,
                    -0.9999999409858084,
                    0.0003422452857036638,
                    0.002603931034664006
                ],
                [
                    -0.0871550639221586,
                    -0.00034355258676892615,
                    -0.9961946982414355,
                    0.42057553551029603
                ]
            ]
        },
        {
            "transform_matrix": [
                [
                    0.9962117062743057,
                    0.0,
                    -0.0869611193697303,
                    -0.660351243675373
                ],
                [
                    0.000507506575385073,
                    -0.9999829703074871,
                    0.005813908503870735,
                    0.044147920329493766
                ],
                [
                    -0.08695963844860685,
                    -0.005836017050646745,
                    -0.9961947410952701,
                    0.4353941873605232
                ]
            ]
        },
        {
            "transform_matrix": [
                [
                    0.9962585237251395,
                    0.0,
                    -0.08642310978555269,
                    -0.6550205972897721
                ],
                [
                    0.0009770270111441601,
                    -0.9999360946462473,
                    0.011262861174254858,
                    0.08535803182508495
                ],
                [
                    -0.08641758688614944,
                    -0.011305159159031897,
                    -0.9961948574717517,
                    0.450121595884317
                ]
            ]
        },
        {
            "transform_matrix": [
                [
                    0.9963344687198216,
                    0.0,
                    -0.08554312620421833,
                    -0.6471465870626129
                ],
                [
                    0.001431061931720183,
                    -0.9998600583416661,
                    0.01666780713673847,
                    0.12607573348642837
                ],
                [
                    -0.08553115515727826,
                    -0.016729128279737968,
                    -0.9961950400220138,
                    0.46475440134630347
                ]
            ]
        },
        {
            "transform_matrix": [
                [
                    0.9964383397159805,
                    0.0,
                    -0.08432458208648427,
                    -0.6367680322359849
                ],
                [
                    0.001862415050100408,
                    -0.9997560687020941,
                    0.02200760103952598,
                    0.1661449372288779
                ],
                [
                    -0.08430401268173054,
                    -0.022086264811728252,
                    -0.9961952772184904,
                    0.47928924629689484
                ]
            ]
        },
        {
            "transform_matrix": [
                [
                    0.9965684932003795,
                    0.0,
                    -0.0827722076564656,
                    -0.6239325640857586
                ],
                [
                    0.0022642495752423146,
                    -0.9996257767327859,
                    0.027261321780784616,
                    0.20541251950929548
                ],
                [
                    -0.08274123237048188,
                    -0.027355191305755235,
                    -0.9961955540828514,
                    0.4937227793425199
                ]
            ]
        },
        {
            "transform_matrix": [
                [
                    0.9967228695609605,
                    0.0,
                    -0.0808920348004963,
                    -0.6086965086342736
                ],
                [
                    0.0026301965725397613,
                    -0.9994712507907563,
                    0.032408346282261524,
                    0.24372883642233564
                ],
                [
                    -0.08084926320106142,
                    -0.03251490185685902,
                    -0.996195853131845,
                    0.5080516599677207
                ]
            ]
        },
        {
            "transform_matrix": [
                [
                    0.9968990255242751,
                    0.0,
                    -0.07869137760104715,
                    -0.5911247618731968
                ],
                [
                    0.002954455909314317,
                    -0.9992949435951265,
                    0.037428423630884375,
                    0.2809482336640049
                ],
                [
                    -0.07863589574126122,
                    -0.03754484925010389,
                    -0.9961961554813171,
                    0.5222725641481876
                ]
            ]
        },
        {
            "transform_matrix": [
                [
                    0.9970941726572269,
                    0.0,
                    -0.0761788084246541,
                    -0.5712906531765252
                ],
                [
                    0.003231888185359798,
                    -0.9990996531289145,
                    0.042301749567128726,
                    0.31692955136297524
                ],
                [
                    -0.07611022107284594,
                    -0.04242502937751185,
                    -0.9961964420386973,
                    0.5363821904412392
                ]
            ]
        },
        {
            "transform_matrix": [
                [
                    0.9973052213369706,
                    0.0,
                    -0.07336412947766828,
                    -0.549275791920197
                ],
                [
                    0.0034580961914009566,
                    -0.998888478066082,
                    0.04700904123205686,
                    0.3515366233557902
                ],
                [
                    -0.07328258363859105,
                    -0.047136062487507416,
                    -0.9961966947086437,
                    0.5503772662084385
                ]
            ]
        },
        {
            "transform_matrix": [
                [
                    0.997528829506317,
                    0.0,
                    -0.07025833974523692,
                    -0.5251698918823227
                ],
                [
                    0.0036294946042654537,
                    -0.9986647684445765,
                    0.05153161201105468,
                    0.38463877001011276
                ],
                [
                    -0.07016452859297741,
                    -0.05165927087697103,
                    -0.9961968975357156,
                    0.5642545536159779
                ]
            ]
        },
        {
            "transform_matrix": [
                [
                    0.9977614554553962,
                    0.0,
                    -0.06687359723784524,
                    -0.4990705677960151
                ],
                [
                    0.003743366813987559,
                    -0.9984320723807035,
                    0.05585144623435846,
                    0.4161112831975425
                ],
                [
                    -0.06676874427773431,
                    -0.05597675268871442,
                    -0.9961970377119183,
                    0.578010855072742
                ]
            ]
        },
        {
            "transform_matrix": [
                [
                    0.9979994138049291,
                    0.0,
                    -0.06322317648630016,
                    -0.47108309847598945
                ],
                [
                    0.0037979079820112597,
                    -0.9981940796813059,
                    0.05995127341559027,
                    0.4458359015029782
                ],
                [
                    -0.06310900046727116,
                    -0.060071451532243546,
                    -0.996197106385494,
                    0.5916430178022419
                ]
            ]
        },
        {
            "transform_matrix": [
                [
                    0.9982389338133691,
                    0.0,
                    -0.05932142125023744,
                    -0.44132015124224794
                ],
                [
                    0.00379225364790763,
                    -0.9979545632570336,
                    0.06381464163288267,
                    0.4737012732509426
                ],
                [
                    -0.059200083035567216,
                    -0.0639272217014263,
                    -0.9961970992198876,
                    0.6051479373004278
                ]
            ]
        },
        {
            "transform_matrix": [
                [
                    0.9984762190903894,
                    0.0,
                    -0.05518369243681214,
                    -0.40990146291189805
                ],
                [
                    0.0037264934311054486,
                    -0.9977173192718826,
                    0.06742598958588798,
                    0.49960340445137175
                ],
                [
                    -0.05505772568558027,
                    -0.06752888881751533,
                    -0.9961970166675882,
                    0.6185225595028635
                ]
            ]
        },
        {
            "transform_matrix": [
                [
                    0.9987075077735377,
                    0.0,
                    -0.05082631126463091,
                    -0.37695347340718083
                ],
                [
                    0.0036016696104192282,
                    -0.9974861069808328,
                    0.07077071679896965,
                    0.5234460883387677
                ],
                [
                    -0.05069853935555274,
                    -0.07086230577833735,
                    -0.9961968639415559,
                    0.6317638815670884
                ]
            ]
        },
        {
            "transform_matrix": [
                [
                    0.9989291322139573,
                    0.0,
                    -0.04626649775237092,
                    -0.34260890900931484
                ],
                [
                    0.003419760603893745,
                    -0.9972645892087818,
                    0.07383525138883026,
                    0.5451413128193598
                ],
                [
                    -0.04613993987514721,
                    -0.0739144039429373,
                    -0.996196650686037,
                    0.6448689512637008
                ]
            ]
        },
        {
            "transform_matrix": [
                [
                    0.9991375772213018,
                    0.0,
                    -0.0415223046608358,
                    -0.3070063134414785
                ],
                [
                    0.0031836496108613417,
                    -0.9970562744102506,
                    0.07660711477602056,
                    0.5646096418694326
                ],
                [
                    -0.041400074390060326,
                    -0.0766732395243029,
                    -0.9961963903675553,
                    0.6578348650573652
                ]
            ]
        },
        {
            "transform_matrix": [
                [
                    0.999329535937489,
                    0.0,
                    -0.03661254707013723,
                    -0.27028952625124036
                ],
                [
                    0.0028970789133264205,
                    -0.9968644612209787,
                    0.07907498269603248,
                    0.5817805667604118
                ],
                [
                    -0.036497747009000076,
                    -0.07912803519997118,
                    -0.9961960994245356,
                    0.670658765040779
                ]
            ]
        },
        {
            "transform_matrix": [
                [
                    0.9995019624436653,
                    0.0,
                    -0.031556727828816224,
                    -0.2326071093389644
                ],
                [
                    0.0025645905611161235,
                    -0.9966921863701796,
                    0.08122874185831652,
                    0.5965928229354832
                ],
                [
                    -0.03145234405439153,
                    -0.08126921698054675,
                    -0.9961957962292619,
                    0.6833378349559216
                ]
            ]
        },
        {
            "transform_matrix": [
                [
                    0.9996521202542986,
                    0.0,
                    -0.026374959167463668,
                    -0.1941117238964753
                ],
                [
                    0.002191454381060051,
                    -0.9965421767667489,
                    0.08305954161133657,
                    0.6089946684374209
                ],
                [
                    -0.026283759220878364,
                    -0.08308844639894056,
                    -0.9961954999277146,
                    0.6958692955930605
                ]
            ]
        },
        {
            "transform_matrix": [
                [
                    0.9997776259160569,
                    0.0,
                    -0.021087880824137692,
                    -0.15495946142994782
                ],
                [
                    0.0017835844513625263,
                    -0.9964168065051255,
                    0.08455983999885565,
                    0.6189441199921756
                ],
                [
                    -0.021012318866747953,
                    -0.08457864809824764,
                    -0.9961952292305535,
                    0.7082503998960629
                ]
            ]
        },
        {
            "transform_matrix": [
                [
                    0.9998764870061322,
                    0.0,
                    -0.0157165750809742,
                    -0.11530913389284579
                ],
                [
                    0.0013474453651256763,
                    -0.9963180594579563,
                    0.08572344363661734,
                    0.6264091431869341
                ],
                [
                    -0.015658707586001488,
                    -0.08573403290369763,
                    -0.996195001231588,
                    0.7204784281201098
                ]
            ]
        },
        {
            "transform_matrix": [
                [
                    0.9999471339137581,
                    0.0,
                    -0.010282479159261643,
                    -0.07532152920066504
                ],
                [
                    0.0008899497687768081,
                    -0.9962474980344993,
                    0.0865455408984736,
                    0.6313677936387522
                ],
                [
                    -0.010243894136006293,
                    -0.08655011646439485,
                    -0.99619483032835,
                    0.7325506833843773
                ]
            ]
        },
        {
            "transform_matrix": [
                [
                    0.9999884448884081,
                    0.0,
                    -0.0048072954624331955,
                    -0.03515863949461489
                ],
                [
                    0.0004183487993912369,
                    -0.9962062385871816,
                    0.08702272797529118,
                    0.6338083066192869
                ],
                [
                    -0.0047890577304077996,
                    -0.08702373354424342,
                    -0.9961947273129261,
                    0.7444644879376371
                ]
            ]
        },
        {
            "transform_matrix": [
                [
                    0.9999997639468988,
                    0.0,
                    0.0006870998083945005,
                    0.0050171295733799715
                ],
                [
                    -5.9882842602001396e-05,
                    -0.9961949338453715,
                    0.0871530274566585,
                    0.6337291332664279
                ],
                [
                    0.0006844853481687268,
                    -0.08715304802940577,
                    -0.996194698690468,
                    0.7562171804108933
                ]
            ]
        },
        {
            "transform_matrix": [
                [
                    0.9999809113475009,
                    0.0,
                    0.006178749114638171,
                    0.045043759579847624
                ],
                [
                    -0.0005371653638646681,
                    -0.9962137626467378,
                    0.0869358991821047,
                    0.6311389222542685
                ],
                [
                    0.006155354903943892,
                    -0.0869375587029519,
                    -0.9961947462684078,
                    0.7678061142705749
                ]
            ]
        },
        {
            "transform_matrix": [
                [
                    0.9999321864601793,
                    0.0,
                    0.01164570654641392,
                    0.08476042070478755
                ],
                [
                    -0.0010059340141546388,
                    -0.9962624271240983,
                    0.08637224321250399,
                    0.62605644658487
                ],
                [
                    0.011602179869505333,
                    -0.0863781008172834,
                    -0.9961948670423247,
                    0.7792286576121207
                ]
            ]
        },
        {
            "transform_matrix": [
                [
                    0.9998543629861176,
                    0.0,
                    0.017066130716270854,
                    0.12400826418518116
                ],
                [
                    -0.001458758983921599,
                    -0.996340157390999,
                    0.08546439488059399,
                    0.6185104759821566
                ],
                [
                    0.017003671363904665,
                    -0.08547684347283346,
                    -0.9961950533856655,
                    0.7904821943512539
                ]
            ]
        },
        {
            "transform_matrix": [
                [
                    0.9997486766045435,
                    0.0,
                    0.022418377003340408,
                    0.16263119639244739
                ],
                [
                    -0.0018884631632988254,
                    -0.9964457236539985,
                    0.08421611198897737,
                    0.6085395961822787
                ],
                [
                    0.02233869589624169,
                    -0.0842372827889119,
                    -0.9961952935313416,
                    0.8015641267837784
                ]
            ]
        },
        {
            "transform_matrix": [
                [
                    0.9996168052483559,
                    0.0,
                    0.0276810885817463,
                    0.20047662545141556
                ],
                [
                    -0.0022882358961706572,
                    -0.9965774555653686,
                    0.08263255433144602,
                    0.5961919771980808
                ],
                [
                    0.027586348826076305,
                    -0.08266423083084909,
                    -0.9961955723147892,
                    0.8124718793993674
                ]
            ]
        },
        {
            "transform_matrix": [
                [
                    0.9994608423299839,
                    0.0,
                    0.032833285687532306,
                    0.23739617194769716
                ],
                [
                    -0.0026517409264329235,
                    -0.996733268518252,
                    0.0807202558158819,
                    0.5815250933613668
                ],
                [
                    0.03272602815952762,
                    -0.08076380023824,
                    -0.9961958721315701,
                    0.8232029037556838
                ]
            ]
        },
        {
            "transform_matrix": [
                [
                    0.9992832633531809,
                    0.0,
                    0.03785445260755249,
                    0.27324633613569704
                ],
                [
                    -0.0029732168255654245,
                    -0.9969106964788197,
                    0.07848708956142267,
                    0.5646053985913738
                ],
                [
                    0.037737508713819624,
                    -0.07854338448344717,
                    -0.9961961740490474,
                    0.8337546841510279
                ]
            ]
        },
        {
            "transform_matrix": [
                [
                    0.9990868864531145,
                    0.0,
                    0.04272462191080698,
                    0.3078891151313969
                ],
                [
                    -0.0032475683097499997,
                    -0.9971069308481805,
                    0.07594222642637885,
                    0.5455079608806968
                ],
                [
                    0.04260101662513367,
                    -0.07601163367881188,
                    -0.9961964590019295,
                    0.8441247437808935
                ]
            ]
        },
        {
            "transform_matrix": [
                [
                    0.9988748275043348,
                    0.0,
                    0.0474244554864423,
                    0.3411925648158482
                ],
                [
                    -0.003470446999114796,
                    -0.9973188647522219,
                    0.07309608749424108,
                    0.5243160604147222
                ],
                [
                    0.04729730410723092,
                    -0.0731784258462794,
                    -0.9961967089961946,
                    0.8543106510297487
                ]
            ]
        },
        {
            "transform_matrix": [
                [
                    0.9986504505223931,
                    0.0,
                    0.051935322001709305,
                    0.3730313025445218
                ],
                [
                    -0.003638320338984102,
                    -0.997543142071637,
                    0.06996029110114453,
                    0.5011207560363492
                ],
                [
                    0.051807724294087316,
                    -0.07005483356518627,
                    -0.9961969082453639,
                    0.8643100255364254
                ]
            ]
        },
        {
