{
    "camera_angle_x": 0.9934924659449375,
    "frames": [
        {
            "transform_matrix": [
                [
                    1.0,
                    0.0,
                    0.0,
                    -0.0
                ],
                [
                    0.0,
                    -0.9961946980917455,
                    -0.08715574274765817,
                    -0.20045820831961378
                ],
                [
                    0.0,
                    0.08715574274765817,
                    -0.9961946980917455,
                    0.008752194388985324
                ]
            ]
        },
        {
            "transform_matrix": [
                [
                    0.9999849122968346,
                    0.0,
                    -0.005493193851664584,
                    -0.012656901909806935
                ],
                [
                    -0.0004778163244239406,
                    -0.9962097667280992,
                    -0.08698202324104788,
                    -0.19965753702384975
                ],
                [
                    -0.005472373365559004,
                    0.08698333561979604,
                    -0.9961947362108484,
                    0.01334604534561537
                ]
            ]
        },
        {
            "transform_matrix": [
                [
                    0.9999398887731151,
                    0.0,
                    -0.010964435252673873,
                    -0.02521153957171186
                ],
                [
                    -0.0009480594380884779,
                    -0.9962547342554026,
                    -0.086461584862869,
                    -0.1980642804414137
                ],
                [
                    -0.010923370528913177,
                    0.08646678248724911,
                    -0.9961948481610367,
                    0.01793894255581371
                ]
            ]
        },
        {
            "transform_matrix": [
                [
                    0.9998656443603252,
                    0.0,
                    -0.01639186468684307,
                    -0.03761299662859841
                ],
                [
                    -0.001403276161915925,
                    -0.9963288892781977,
                    -0.08559658407720622,
                    -0.19568825454700944
                ],
                [
                    -0.01633168833664087,
                    0.08560808600636294,
                    -0.9961950268729522,
                    0.022529840427459685
                ]
            ]
        },
        {
            "transform_matrix": [
                [
                    0.9997633579205554,
                    0.0,
                    -0.021753807929085062,
                    -0.04981129446861982
                ],
                [
                    -0.0018362514778739697,
                    -0.9964310585791362,
                    -0.08439060184269423,
                    -0.1925424800255691
                ],
                [
                    -0.021676169862905433,
                    0.08441057693714776,
                    -0.9961952610614108,
                    0.027117688862786222
                ]
            ]
        },
        {
            "transform_matrix": [
                [
                    0.9996346534283663,
                    0.0,
                    -0.027028867256139052,
                    -0.061757635398268854
                ],
                [
                    -0.002240122883834362,
                    -0.9965596255806651,
                    -0.08284862408024528,
                    -0.18864310107804466
                ],
                [
                    -0.026935877832647434,
                    0.08287890360353758,
                    -0.9961955359380307,
                    0.03170143420324554
                ]
            ]
        },
        {
            "transform_matrix": [
                [
                    0.9994815740563182,
                    0.0,
                    -0.03219601096261116,
                    -0.07340463434921472
                ],
                [
                    -0.0026084891615272077,
                    -0.9967125557923966,
                    -0.08097701470221562,
                    -0.18400928791589427
                ],
                [
                    -0.032090168372864186,
                    0.08101901706259246,
                    -0.9961958341450804,
                    0.03628002044880182
                ]
            ]
        },
        {
            "transform_matrix": [
                [
                    0.9993065495859667,
                    0.0,
                    -0.037234660661671984,
                    -0.0847065367246589
                ],
                [
                    -0.002935511833693005,
                    -0.9968874288518548,
                    -0.07878348156442702,
                    -0.17866312410287835
                ],
                [
                    -0.037118765131185484,
                    0.07883815191351307,
                    -0.9961961368515728,
                    0.04085239069346778
                ]
            ]
        },
        {
            "transform_matrix": [
                [
                    0.9991123576738329,
                    0.0,
                    -0.042124775885872656,
                    -0.09561942031012435
                ],
                [
                    -0.0032160077023542116,
                    -0.9970814766637166,
                    -0.07627703578771833,
                    -0.1726294800851002
                ],
                [
                    -0.042001833744414026,
                    0.0763448026659475,
                    -0.9961964249423927,
                    0.04541748870462997
                ]
            ]
        },
        {
            "transform_matrix": [
                [
                    0.9989020796003486,
                    0.0,
                    -0.046846935546509684,
                    -0.1061013795447374
                ],
                [
                    -0.0034455310014379387,
                    -0.9972916270471015,
                    -0.07346794496828629,
                    -0.16593587439454313
                ],
                [
                    -0.046720056573349336,
                    0.07354869558153301,
                    -0.996196680225365,
                    0.04997426056365575
                ]
            ]
        },
        {
            "transform_matrix": [
                [
                    0.9986790512174313,
                    0.0,
                    -0.05138241585845605,
                    -0.11611269085968849
                ],
                [
                    -0.0036204438615488007,
                    -0.9975145522133845,
                    -0.07036768085404255,
                    -0.15861232411395557
                ],
                [
                    -0.05125470754668969,
                    0.0704607559037725,
                    -0.9961968865800436,
                    0.05452165628008041
                ]
            ]
        },
        {
            "transform_matrix": [
                [
                    0.9984468098857455,
                    0.0,
                    -0.055713264389891395,
                    -0.1256159582268587
                ],
                [
                    -0.0037379739699134507,
                    -0.9977467213197586,
                    -0.0669888621061164,
                    -0.15069118624983097
                ],
                [
                    -0.055587726879035,
                    0.06709307039979635,
                    -0.9961970309756749,
                    0.059058631291819784
                ]
            ]
        },
        {
            "transform_matrix": [
                [
                    0.9982090382547172,
                    0.0,
                    -0.05982236995131888,
                    -0.13457623850797745
                ],
                [
                    -0.0037962585114639418,
                    -0.9979844562776354,
                    -0.06334519278956051,
                    -0.14220699167516468
                ],
                [
                    -0.05970179534910652,
                    0.06345884515363048,
                    -0.9961971042940553,
                    0.06358414776953802
                ]
            ]
        },
        {
            "transform_matrix": [
                [
                    0.9979695057860923,
                    0.0,
                    -0.06369352809401221,
                    -0.14296114663826828
                ],
                [
                    -0.003794373694479987,
                    -0.9982239899410816,
                    -0.05945139724492549,
                    -0.13319627327611155
                ],
                [
                    -0.06358040774742925,
                    0.05957235857431948,
                    -0.9961971019053224,
                    0.06809717565422684
                ]
            ]
        },
        {
            "transform_matrix": [
                [
                    0.9977320089546686,
                    0.0,
                    -0.06731150204297176,
                    -0.150740941103751
                ],
                [
                    -0.003732349392721863,
                    -0.9984615257598496,
                    -0.0553231519829076,
                    -0.12369738986961212
                ],
                [
                    -0.06720794503101282,
                    0.05544890961338414,
                    -0.9961970239603184,
                    0.07259669337281258
                ]
            ]
        },
        {
            "transform_matrix": [
                [
                    0.9975003110774404,
                    0.0,
                    -0.07066207894202986,
                    -0.1578885905644112
                ],
                [
                    -0.003611168671929966,
                    -0.9986932979549974,
                    -0.050977015218564306,
                    -0.11375034735689454
                ],
                [
                    -0.07056974465897217,
                    0.051104761224086206,
                    -0.9961968753810648,
                    0.07708168819617038
                ]
            ]
        },
        {
            "transform_matrix": [
                [
                    0.9972780827247092,
                    0.0,
                    -0.07373212133750155,
                    -0.16437982282378247
                ],
                [
                    -0.003432752208197539,
                    -0.9989156312632431,
                    -0.04643035462101974,
                    -0.10339661844595802
                ],
                [
                    -0.0736521685302284,
                    0.04655707913901531,
                    -0.9961966655499497,
                    0.08155115622630646
                ]
            ]
        },
        {
            "transform_matrix": [
                [
                    0.9970688436539333,
                    0.0,
                    -0.07650961387046913,
                    -0.1701931576383033
                ],
                [
                    -0.003199927845234344,
                    -0.9991249992994653,
                    -0.041701273801034104,
                    -0.09267896212099407
                ],
                [
                    -0.07644266790473483,
                    0.04182386609154538,
                    -0.9961964077172548,
                    0.08600410202317764
                ]
            ]
        },
        {
            "transform_matrix": [
                [
                    0.9968759071796197,
                    0.0,
                    -0.07898370518537537,
                    -0.17530992508836454
                ],
                [
                    -0.0029163857731276514,
                    -0.9993180806053298,
                    -0.03680853799462772,
                    -0.08164124386501935
                ],
                [
                    -0.07892984466494654,
                    0.03692389165946155,
                    -0.9961961181644344,
                    0.09043953790507563
                ]
            ]
        },
        {
            "transform_matrix": [
                [
                    0.9967023278510724,
                    0.0,
                    -0.08114474509328001,
                    -0.1797142713908402
                ],
                [
                    -0.002586620039132024,
                    -0.9994918114858027,
                    -0.031771499328828674,
                    -0.07032825746075722
                ],
                [
                    -0.08110350826583614,
                    0.031876617964090866,
                    -0.9961958151759848,
                    0.09485648297830901
                ]
            ]
        },
        {
            "transform_matrix": [
                [
                    0.9965508532551234,
                    0.0,
                    -0.08298431705138905,
                    -0.18339315411627466
                ],
                [
                    -0.002215857317664555,
                    -0.9996434347839485,
                    -0.026610021978523458,
                    -0.05878554901095935
                ],
                [
                    -0.08295472773045073,
                    0.026702121514024856,
                    -0.9961955178848261,
                    0.0992539619703846
                ]
            ]
        },
        {
            "transform_matrix": [
                [
                    0.9964238806941031,
                    0.0,
                    -0.08449526603605499,
                    -0.18633632878157816
                ],
                [
                    -0.001809974068611584,
                    -0.9997705438072857,
                    -0.021344407444460582,
                    -0.04705924363948688
                ],
                [
                    -0.08447587807400797,
                    0.021421011537371214,
                    -0.9961952450641095,
                    0.10363100395476779
                ]
            ]
        },
        {
            "transform_matrix": [
                [
                    0.9963234194114096,
                    0.0,
                    -0.08567172189443002,
                    -0.18853632872255505
                ],
                [
                    -0.0013754033970672331,
                    -0.9998711206951816,
                    -0.015995320104861672,
                    -0.035195875164630235
                ],
                [
                    -0.08566068058246967,
                    0.016054345198782044,
                    -0.9961950139417415,
                    0.10798664106360942
                ]
            ]
        },
        {
            "transform_matrix": [
                [
                    0.99625105894938,
                    0.0,
                    -0.08650911826067155,
                    -0.18998844001393606
                ],
                [
                    -0.0009190330908105097,
                    -0.9999435686051353,
                    -0.010583713119935164,
                    -0.023242218881698345
                ],
                [
                    -0.08650423643045958,
                    0.01062354014569025,
                    -0.9961948391124882,
                    0.11231990728670123
                ]
            ]
        },
        {
            "transform_matrix": [
                [
                    0.9962079441281322,
                    0.0,
                    -0.08700420711666956,
                    -0.19069067300429318
                ],
                [
                    -0.00044809645160572085,
                    -0.999986737194924,
                    -0.005130754702777112,
                    -0.01124512745738826
                ],
                [
                    -0.08700305319682979,
                    0.005150284870763081,
                    -0.9961947316163541,
                    0.11662983745039907
                ]
            ]
        },
        {
            "transform_matrix": [
                [
                    0.9961947570310637,
                    0.0,
                    -0.08715506906554456,
                    -0.1906437317779886
                ],
                [
                    2.9942349427492247e-05,
                    -0.9999999409858084,
                    0.0003422452857036638,
                    0.0007486301724659018
                ],
                [
                    -0.0871550639221586,
                    -0.00034355258676892615,
                    -0.9961946982414355,
                    0.1209154664592097
                ]
            ]
        },
        {
            "transform_matrix": [
                [
                    0.9962117062743057,
                    0.0,
                    -0.0869611193697303,
                    -0.18985098255666974
                ],
                [
                    0.000507506575385073,
                    -0.9999829703074871,
                    0.005813908503870735,
                    0.012692527094729457
                ],
                [
                    -0.08695963844860685,
                    -0.005836017050646745,
                    -0.9961947410952701,
                    0.12517582886615017
                ]
            ]
        },
        {
            "transform_matrix": [
                [
                    0.9962585237251395,
                    0.0,
                    -0.08642310978555269,
                    -0.18831842172080943
                ],
                [
                    0.0009770270111441601,
                    -0.9999360946462473,
                    0.011262861174254858,
                    0.024540434149711916
                ],
                [
                    -0.08641758688614944,
                    -0.011305159159031897,
                    -0.9961948574717517,
                    0.12940995881674147
                ]
            ]
        },
        {
            "transform_matrix": [
                [
                    0.9963344687198216,
                    0.0,
                    -0.08554312620421833,
                    -0.18605464378050116
                ],
                [
                    0.001431061931720183,
                    -0.9998600583416661,
                    0.01666780713673847,
                    0.036246773377348156
                ],
                [
                    -0.08553115515727826,
                    -0.016729128279737968,
                    -0.9961950400220138,
                    0.13361689038706223
                ]
            ]
        },
        {
            "transform_matrix": [
                [
                    0.9964383397159805,
                    0.0,
                    -0.08432458208648427,
                    -0.18307080926784564
                ],
                [
                    0.001862415050100408,
                    -0.9997560687020941,
                    0.02200760103952598,
                    0.047766669453302386
                ],
                [
                    -0.08430401268173054,
                    -0.022086264811728252,
                    -0.9961952772184904,
                    0.13779565831035756
                ]
            ]
        },
        {
            "transform_matrix": [
                [
                    0.9965684932003795,
                    0.0,
                    -0.0827722076564656,
                    -0.17938061217465556
                ],
                [
                    0.0022642495752423146,
                    -0.9996257767327859,
                    0.027261321780784616,
                    0.059056099358922455
                ],
                [
                    -0.08274123237048188,
                    -0.027355191305755235,
                    -0.9961955540828514,
                    0.14194529906097447
                ]
            ]
        },
        {
            "transform_matrix": [
                [
                    0.9967228695609605,
                    0.0,
                    -0.0808920348004963,
                    -0.17500024623235363
                ],
                [
                    0.0026301965725397613,
                    -0.9994712507907563,
                    0.032408346282261524,
                    0.07007204047142147
                ],
                [
                    -0.08084926320106142,
                    -0.03251490185685902,
                    -0.996195853131845,
                    0.14606485224072005
                ]
            ]
        },
        {
            "transform_matrix": [
                [
                    0.9968990255242751,
                    0.0,
                    -0.07869137760104715,
                    -0.1699483690385441
                ],
                [
                    0.002954455909314317,
                    -0.9992949435951265,
                    0.037428423630884375,
                    0.0807726171784014
                ],
                [
                    -0.07863589574126122,
                    -0.03754484925010389,
                    -0.9961961554813171,
                    0.15015336219260406
                ]
            ]
        },
        {
            "transform_matrix": [
                [
                    0.9970941726572269,
                    0.0,
                    -0.0761788084246541,
                    -0.164246062788251
                ],
                [
                    0.003231888185359798,
                    -0.9990996531289145,
                    0.042301749567128726,
                    0.09111724601685539
                ],
                [
                    -0.07611022107284594,
                    -0.04242502937751185,
                    -0.9961964420386973,
                    0.15420987975185604
                ]
            ]
        },
        {
            "transform_matrix": [
                [
                    0.9973052213369706,
                    0.0,
                    -0.07336412947766828,
                    -0.15791679017705662
                ],
                [
                    0.0034580961914009566,
                    -0.998888478066082,
                    0.04700904123205686,
                    0.10106677921478968
                ],
                [
                    -0.07328258363859105,
                    -0.047136062487507416,
                    -0.9961966947086437,
                    0.15823346403492594
                ]
            ]
        },
        {
            "transform_matrix": [
                [
                    0.997528829506317,
                    0.0,
                    -0.07025833974523692,
                    -0.15098634391616775
                ],
                [
                    0.0036294946042654537,
                    -0.9986647684445765,
                    0.05153161201105468,
                    0.11058364637790742
                ],
                [
                    -0.07016452859297741,
                    -0.05165927087697103,
                    -0.9961968975357156,
                    0.16222318416459378
                ]
            ]
        },
        {
            "transform_matrix": [
                [
                    0.9977614554553962,
                    0.0,
                    -0.06687359723784524,
                    -0.14348278824135427
                ],
                [
                    0.003743366813987559,
                    -0.9984320723807035,
                    0.05585144623435846,
                    0.11963199391929343
                ],
                [
                    -0.06676874427773431,
                    -0.05597675268871442,
                    -0.9961970377119183,
                    0.1661781208334138
                ]
            ]
        },
        {
            "transform_matrix": [
                [
                    0.9979994138049291,
                    0.0,
                    -0.06322317648630016,
                    -0.135436390811847
                ],
                [
                    0.0037979079820112597,
                    -0.9981940796813059,
                    0.05995127341559027,
                    0.12817782168210626
                ],
                [
                    -0.06310900046727116,
                    -0.060071451532243546,
                    -0.996197106385494,
                    0.17009736761814429
                ]
            ]
        },
        {
            "transform_matrix": [
                [
                    0.9982389338133691,
                    0.0,
                    -0.05932142125023744,
                    -0.1268795434821463
                ],
                [
                    0.00379225364790763,
                    -0.9979545632570336,
                    0.06381464163288267,
                    0.136189116059646
                ],
                [
                    -0.059200083035567216,
                    -0.0639272217014263,
                    -0.9961970992198876,
                    0.1739800319738725
                ]
            ]
        },
        {
            "transform_matrix": [
                [
                    0.9984762190903894,
                    0.0,
                    -0.05518369243681214,
                    -0.11784667058717067
                ],
                [
                    0.0037264934311054486,
                    -0.9977173192718826,
                    0.06742598958588798,
                    0.14363597877976936
                ],
                [
                    -0.05505772568558027,
                    -0.06752888881751533,
                    -0.9961970166675882,
                    0.1778252358570733
                ]
            ]
        },
        {
            "transform_matrix": [
                [
                    0.9987075077735377,
                    0.0,
                    -0.05082631126463091,
                    -0.10837412360456446
                ],
                [
                    0.0036016696104192282,
                    -0.9974861069808328,
                    0.07077071679896965,
                    0.15049075039739568
                ],
                [
                    -0.05069853935555274,
                    -0.07086230577833735,
                    -0.9961968639415559,
                    0.1816321159505383
                ]
            ]
        },
        {
            "transform_matrix": [
                [
                    0.9989291322139573,
                    0.0,
                    -0.04626649775237092,
                    -0.09850006134017801
                ],
                [
                    0.003419760603893745,
                    -0.9972645892087818,
                    0.07383525138883026,
                    0.156728127435566
                ],
                [
                    -0.04613993987514721,
                    -0.0739144039429373,
                    -0.996196650686037,
                    0.18539982348831346
                ]
            ]
        },
        {
            "transform_matrix": [
                [
                    0.9991375772213018,
                    0.0,
                    -0.0415223046608358,
                    -0.08826431511442503
                ],
                [
                    0.0031836496108613417,
                    -0.9970562744102506,
                    0.07660711477602056,
                    0.16232527203746186
                ],
                [
                    -0.041400074390060326,
                    -0.0766732395243029,
                    -0.9961963903675553,
                    0.18912752370399274
                ]
            ]
        },
        {
            "transform_matrix": [
                [
                    0.999329535937489,
                    0.0,
                    -0.03661254707013723,
                    -0.0777082387972316
                ],
                [
                    0.0028970789133264205,
                    -0.9968644612209787,
                    0.07907498269603248,
                    0.16726191294361842
                ],
                [
                    -0.036497747009000076,
                    -0.07912803519997118,
                    -0.9961960994245356,
                    0.1928143949492235
                ]
            ]
        },
        {
            "transform_matrix": [
                [
                    0.9995019624436653,
                    0.0,
                    -0.031556727828816224,
                    -0.06687454393495224
                ],
                [
                    0.0025645905611161235,
                    -0.9966921863701796,
                    0.08122874185831652,
                    0.1715204365939514
                ],
                [
                    -0.03145234405439153,
                    -0.08126921698054675,
                    -0.9961957962292619,
                    0.19645962754982765
                ]
            ]
        },
        {
            "transform_matrix": [
                [
                    0.9996521202542986,
                    0.0,
                    -0.026374959167463668,
                    -0.05580712062023663
                ],
                [
                    0.002191454381060051,
                    -0.9965421767667489,
                    0.08305954161133657,
                    0.17508596717575844
                ],
                [
                    -0.026283759220878364,
                    -0.08308844639894056,
                    -0.9961954999277146,
                    0.20006242248300543
                ]
            ]
        },
        {
            "transform_matrix": [
                [
                    0.9997776259160569,
                    0.0,
                    -0.021087880824137692,
                    -0.04455084516110999
                ],
                [
                    0.0017835844513625263,
                    -0.9964168065051255,
                    0.08455983999885565,
                    0.17794643449775044
                ],
                [
                    -0.021012318866747953,
                    -0.08457864809824764,
                    -0.9961952292305535,
                    0.20362198997011843
                ]
            ]
        },
        {
            "transform_matrix": [
                [
                    0.9998764870061322,
                    0.0,
                    -0.0157165750809742,
                    -0.03315137599419317
                ],
                [
                    0.0013474453651256763,
                    -0.9963180594579563,
                    0.08572344363661734,
                    0.1800926286662435
                ],
                [
                    -0.015658707586001488,
                    -0.08573403290369763,
                    -0.996195001231588,
                    0.20713754808453144
                ]
            ]
        },
        {
            "transform_matrix": [
                [
                    0.9999471339137581,
                    0.0,
                    -0.010282479159261643,
                    -0.021654939645191187
                ],
                [
                    0.0008899497687768081,
                    -0.9962474980344993,
                    0.0865455408984736,
                    0.18151824067114117
                ],
                [
                    -0.010243894136006293,
                    -0.08655011646439485,
                    -0.99619483032835,
                    0.21060832147300915
                ]
            ]
        },
        {
            "transform_matrix": [
                [
                    0.9999884448884081,
                    0.0,
                    -0.0048072954624331955,
                    -0.010108108854701777
                ],
                [
                    0.0004183487993912369,
                    -0.9962062385871816,
                    0.08702272797529118,
                    0.18221988815304493
                ],
                [
                    -0.0047890577304077996,
                    -0.08702373354424342,
                    -0.9961947273129261,
                    0.21403354028207114
                ]
            ]
        },
        {
            "transform_matrix": [
                [
                    0.9999997639468988,
                    0.0,
                    0.0006870998083945005,
                    0.0014424247523467419
                ],
                [
                    -5.9882842602001396e-05,
                    -0.9961949338453715,
                    0.0871530274566585,
                    0.18219712581409803
                ],
                [
                    0.0006844853481687268,
                    -0.08715304802940577,
                    -0.996194698690468,
                    0.21741243936813154
                ]
            ]
        },
        {
            "transform_matrix": [
                [
                    0.9999809113475009,
                    0.0,
                    0.006178749114638171,
                    0.01295008087920619
                ],
                [
                    -0.0005371653638646681,
                    -0.9962137626467378,
                    0.0869358991821047,
                    0.18145244014810213
                ],
                [
                    0.006155354903943892,
                    -0.0869375587029519,
                    -0.9961947462684078,
                    0.2207442578527906
                ]
            ]
        },
        {
            "transform_matrix": [
                [
                    0.9999321864601793,
                    0.0,
                    0.01164570654641392,
                    0.02436862095262641
                ],
                [
                    -0.0010059340141546388,
                    -0.9962624271240983,
                    0.08637224321250399,
                    0.17999122839315007
                ],
                [
                    0.011602179869505333,
                    -0.0863781008172834,
                    -0.9961948670423247,
                    0.2240282390634853
                ]
            ]
        },
        {
            "transform_matrix": [
                [
                    0.9998543629861176,
                    0.0,
                    0.017066130716270854,
                    0.035652375953239564
                ],
                [
                    -0.001458758983921599,
                    -0.996340157390999,
                    0.08546439488059399,
                    0.17782176184486995
                ],
                [
                    0.017003671363904665,
                    -0.08547684347283346,
                    -0.9961950533856655,
                    0.22726363087598608
                ]
            ]
        },
        {
            "transform_matrix": [
                [
                    0.9997486766045435,
                    0.0,
                    0.022418377003340408,
                    0.04675646896282863
                ],
                [
                    -0.0018884631632988254,
                    -0.9964457236539985,
                    0.08421611198897737,
                    0.1749551339024052
                ],
                [
                    0.02233869589624169,
                    -0.0842372827889119,
                    -0.9961952935313416,
                    0.2304496864503358
                ]
            ]
        },
        {
            "transform_matrix": [
                [
                    0.9996168052483559,
                    0.0,
                    0.0276810885817463,
                    0.05763702981728197
                ],
                [
                    -0.0022882358961706572,
                    -0.9965774555653686,
                    0.08263255433144602,
                    0.17140519344444827
                ],
                [
                    0.027586348826076305,
                    -0.08266423083084909,
                    -0.9961955723147892,
                    0.23358566532731767
                ]
            ]
        },
        {
            "transform_matrix": [
                [
                    0.9994608423299839,
                    0.0,
                    0.032833285687532306,
                    0.06825139943496293
                ],
                [
                    -0.0026517409264329235,
                    -0.996733268518252,
                    0.0807202558158819,
                    0.16718846434139298
                ],
                [
                    0.03272602815952762,
                    -0.08076380023824,
                    -0.9961958721315701,
                    0.23667083482975917
                ]
            ]
        },
        {
            "transform_matrix": [
                [
                    0.9992832633531809,
                    0.0,
                    0.03785445260755249,
                    0.0785583216390129
                ],
                [
                    -0.0029732168255654245,
                    -0.9969106964788197,
                    0.07848708956142267,
                    0.16232405209501993
                ],
                [
                    0.037737508713819624,
                    -0.07854338448344717,
                    -0.9961961740490474,
                    0.2397044716934207
                ]
            ]
        },
        {
            "transform_matrix": [
                [
                    0.9990868864531145,
                    0.0,
                    0.04272462191080698,
                    0.08851812060027658
                ],
                [
                    -0.0032475683097499997,
                    -0.9971069308481805,
                    0.07594222642637885,
                    0.15683353875320027
                ],
                [
                    0.04260101662513367,
                    -0.07601163367881188,
                    -0.9961964590019295,
                    0.24268586383700688
                ]
            ]
        },
        {
            "transform_matrix": [
                [
                    0.9988748275043348,
                    0.0,
                    0.0474244554864423,
                    0.09809286238455632
                ],
                [
                    -0.003470446999114796,
                    -0.9973188647522219,
                    0.07309608749424108,
                    0.15074086736923256
                ],
                [
                    0.04729730410723092,
                    -0.0731784258462794,
                    -0.9961967089961946,
                    0.24561431217105348
                ]
            ]
        },
        {
            "transform_matrix": [
                [
                    0.9986504505223931,
                    0.0,
                    0.051935322001709305,
                    0.10724649948155006
                ],
                [
                    -0.003638320338984102,
                    -0.997543142071637,
                    0.06996029110114453,
                    0.14407221736045042
                ],
                [
                    0.051807724294087316,
                    -0.07005483356518627,
                    -0.9961969082453639,
