{
    "camera_angle_x": 0.9934924659449375,
    "frames": [
        {
            "transform_matrix": [
                [
                    1.0,
                    0.0,
                    0.0,
                    -0.0
                ],
                [
                    0.0,
                    -0.9961946980917455,
                    -0.08715574274765817,
                    -0.5229344564859489
                ],
                [
                    0.0,
                    0.08715574274765817,
                    -0.9961946980917455,
                    0.022831811449527326
                ]
            ]
        },
        {
            "transform_matrix": [
                [
                    0.9999849122968346,
                    0.0,
                    -0.005493193851664584,
                    -0.03301800498210505
                ],
                [
                    -0.0004778163244239406,
                    -0.9962097667280992,
                    -0.08698202324104788,
                    -0.5208457487578688
                ],
                [
                    -0.005472373365559004,
                    0.08698333561979604,
                    -0.9961947362108484,
                    0.03481577046682337
                ]
            ]
        },
        {
            "transform_matrix": [
                [
                    0.9999398887731151,
                    0.0,
                    -0.010964435252673873,
                    -0.06576923366533531
                ],
                [
                    -0.0009480594380884779,
                    -0.9962547342554026,
                    -0.086461584862869,
                    -0.5166894272384708
                ],
                [
                    -0.010923370528913177,
                    0.08646678248724911,
                    -0.9961948481610367,
                    0.04679724144994681
                ]
            ]
        },
        {
            "transform_matrix": [
                [
                    0.9998656443603252,
                    0.0,
                    -0.01639186468684307,
                    -0.09812086077025675
                ],
                [
                    -0.001403276161915925,
                    -0.9963288892781977,
                    -0.08559658407720622,
                    -0.5104910988182856
                ],
                [
                    -0.01633168833664087,
                    0.08560808600636294,
                    -0.9961950268729522,
                    0.05877349676728602
                ]
            ]
        },
        {
            "transform_matrix": [
                [
                    0.9997633579205554,
                    0.0,
                    -0.021753807929085062,
                    -0.129942507309443
                ],
                [
                    -0.0018362514778739697,
                    -0.9964310585791362,
                    -0.08439060184269423,
                    -0.5022847305014845
                ],
                [
                    -0.021676169862905433,
                    0.08441057693714776,
                    -0.9961952610614108,
                    0.07074179703335644
                ]
            ]
        },
        {
            "transform_matrix": [
                [
                    0.9996346534283663,
                    0.0,
                    -0.027028867256139052,
                    -0.16110687495200576
                ],
                [
                    -0.002240122883834362,
                    -0.9965596255806651,
                    -0.08284862408024528,
                    -0.4921124375948992
                ],
                [
                    -0.026935877832647434,
                    0.08287890360353758,
                    -0.9961955359380307,
                    0.08269939357368321
                ]
            ]
        },
        {
            "transform_matrix": [
                [
                    0.9994815740563182,
                    0.0,
                    -0.03219601096261116,
                    -0.19149035047621238
                ],
                [
                    -0.0026084891615272077,
                    -0.9967125557923966,
                    -0.08097701470221562,
                    -0.48002422934581124
                ],
                [
                    -0.032090168372864186,
                    0.08101901706259246,
                    -0.9961958341450804,
                    0.09464353160556939
                ]
            ]
        },
        {
            "transform_matrix": [
                [
                    0.9993065495859667,
                    0.0,
                    -0.037234660661671984,
                    -0.22097357406432755
                ],
                [
                    -0.002935511833693005,
                    -0.9968874288518548,
                    -0.07878348156442702,
                    -0.4660777150509869
                ],
                [
                    -0.037118765131185484,
                    0.07883815191351307,
                    -0.9961961368515728,
                    0.10657145398296061
                ]
            ]
        },
        {
            "transform_matrix": [
                [
                    0.9991123576738329,
                    0.0,
                    -0.042124775885872656,
                    -0.24944196602641142
                ],
                [
                    -0.0032160077023542116,
                    -0.9970814766637166,
                    -0.07627703578771833,
                    -0.4503377741350441
                ],
                [
                    -0.042001833744414026,
                    0.0763448026659475,
                    -0.9961964249423927,
                    0.11848040531642502
                ]
            ]
        },
        {
            "transform_matrix": [
                [
                    0.9989020796003486,
                    0.0,
                    -0.046846935546509684,
                    -0.27678620750801064
                ],
                [
                    -0.0034455310014379387,
                    -0.9972916270471015,
                    -0.07346794496828629,
                    -0.4328761940727212
                ],
                [
                    -0.046720056573349336,
                    0.07354869558153301,
                    -0.996196680225365,
                    0.13036763625301515
                ]
            ]
        },
        {
            "transform_matrix": [
                [
                    0.9986790512174313,
                    0.0,
                    -0.05138241585845605,
                    -0.30290267180788305
                ],
                [
                    -0.0036204438615488007,
                    -0.9975145522133845,
                    -0.07036768085404255,
                    -0.41377128029727545
                ],
                [
                    -0.05125470754668969,
                    0.0704607559037725,
                    -0.9961968865800436,
                    0.1422304076871669
                ]
            ]
        },
        {
            "transform_matrix": [
                [
                    0.9984468098857455,
                    0.0,
                    -0.055713264389891395,
                    -0.3276938040700661
                ],
                [
                    -0.0037379739699134507,
                    -0.9977467213197586,
                    -0.0669888621061164,
                    -0.3931074423908633
                ],
                [
                    -0.055587726879035,
                    0.06709307039979635,
                    -0.9961970309756749,
                    0.1540659946743144
                ]
            ]
        },
        {
            "transform_matrix": [
                [
                    0.9982090382547172,
                    0.0,
                    -0.05982236995131888,
                    -0.35106844828168043
                ],
                [
                    -0.0037962585114639418,
                    -0.9979844562776354,
                    -0.06334519278956051,
                    -0.370974760891734
                ],
                [
                    -0.05970179534910652,
                    0.06345884515363048,
                    -0.9961971042940553,
                    0.1658716898335762
                ]
            ]
        },
        {
            "transform_matrix": [
                [
                    0.9979695057860923,
                    0.0,
                    -0.06369352809401221,
                    -0.3729421216650477
                ],
                [
                    -0.003794373694479987,
                    -0.9982239899410816,
                    -0.05945139724492549,
                    -0.34746853898116065
                ],
                [
                    -0.06358040774742925,
                    0.05957235857431948,
                    -0.9961971019053224,
                    0.1776448060545053
                ]
            ]
        },
        {
            "transform_matrix": [
                [
                    0.9977320089546686,
                    0.0,
                    -0.06731150204297176,
                    -0.3932372376619591
                ],
                [
                    -0.003732349392721863,
                    -0.9984615257598496,
                    -0.0553231519829076,
                    -0.32268884313811846
                ],
                [
                    -0.06720794503101282,
                    0.05544890961338414,
                    -0.9961970239603184,
                    0.18938267836386022
                ]
            ]
        },
        {
            "transform_matrix": [
                [
                    0.9975003110774404,
                    0.0,
                    -0.07066207894202986,
                    -0.4118832797332466
                ],
                [
                    -0.003611168671929966,
                    -0.9986932979549974,
                    -0.050977015218564306,
                    -0.29674003658320314
                ],
                [
                    -0.07056974465897217,
                    0.051104761224086206,
                    -0.9961968753810648,
                    0.2010826648595748
                ]
            ]
        },
        {
            "transform_matrix": [
                [
                    0.9972780827247092,
                    0.0,
                    -0.07373212133750155,
                    -0.4288169291055195
                ],
                [
                    -0.003432752208197539,
                    -0.9989156312632431,
                    -0.04643035462101974,
                    -0.2697303089894557
                ],
                [
                    -0.0736521685302284,
                    0.04655707913901531,
                    -0.9961966655499497,
                    0.21274214667732114
                ]
            ]
        },
        {
            "transform_matrix": [
                [
                    0.9970688436539333,
                    0.0,
                    -0.07650961387046913,
                    -0.4439821503607913
                ],
                [
                    -0.003199927845234344,
                    -0.9991249992994653,
                    -0.041701273801034104,
                    -0.24177120553302803
                ],
                [
                    -0.07644266790473483,
                    0.04182386609154538,
                    -0.9961964077172548,
                    0.2243585270169857
                ]
            ]
        },
        {
            "transform_matrix": [
                [
                    0.9968759071796197,
                    0.0,
                    -0.07898370518537537,
                    -0.45733023936095096
                ],
                [
                    -0.0029163857731276514,
                    -0.9993180806053298,
                    -0.03680853799462772,
                    -0.21297715790874608
                ],
                [
                    -0.07892984466494654,
                    0.03692389165946155,
                    -0.9961961181644344,
                    0.23592922931758892
                ]
            ]
        },
        {
            "transform_matrix": [
                [
                    0.9967023278510724,
                    0.0,
                    -0.08114474509328001,
                    -0.46881983841088765
                ],
                [
                    -0.002586620039132024,
                    -0.9994918114858027,
                    -0.031771499328828674,
                    -0.18346501946284494
                ],
                [
                    -0.08110350826583614,
                    0.031876617964090866,
                    -0.9961958151759848,
                    0.2474516947260223
                ]
            ]
        },
        {
            "transform_matrix": [
                [
                    0.9965508532551234,
                    0.0,
                    -0.08298431705138905,
                    -0.4784169237815863
                ],
                [
                    -0.002215857317664555,
                    -0.9996434347839485,
                    -0.026610021978523458,
                    -0.15335360611554616
                ],
                [
                    -0.08295472773045073,
                    0.026702121514024856,
                    -0.9961955178848261,
                    0.25892337905317614
                ]
            ]
        },
        {
            "transform_matrix": [
                [
                    0.9964238806941031,
                    0.0,
                    -0.08449526603605499,
                    -0.4860947707345517
                ],
                [
                    -0.001809974068611584,
                    -0.9997705438072857,
                    -0.021344407444460582,
                    -0.12276324427692226
                ],
                [
                    -0.08447587807400797,
                    0.021421011537371214,
                    -0.9961952450641095,
                    0.270341749447221
                ]
            ]
        },
        {
            "transform_matrix": [
                [
                    0.9963234194114096,
                    0.0,
                    -0.08567172189443002,
                    -0.4918339010153611
                ],
                [
                    -0.0013754033970672331,
                    -0.9998711206951816,
                    -0.015995320104861672,
                    -0.09181532651642672
                ],
                [
                    -0.08566068058246967,
                    0.016054345198782044,
                    -0.9961950139417415,
                    0.2817042810355014
                ]
            ]
        },
        {
            "transform_matrix": [
                [
                    0.99625105894938,
                    0.0,
                    -0.08650911826067155,
                    -0.4956220174276595
                ],
                [
                    -0.0009190330908105097,
                    -0.9999435686051353,
                    -0.010583713119935164,
                    -0.060631875343560904
                ],
                [
                    -0.08650423643045958,
                    0.01062354014569025,
                    -0.9961948391124882,
                    0.2930084537913937
                ]
            ]
        },
        {
            "transform_matrix": [
                [
                    0.9962079441281322,
                    0.0,
                    -0.08700420711666956,
                    -0.49745392957641693
                ],
                [
                    -0.00044809645160572085,
                    -0.999986737194924,
                    -0.005130754702777112,
                    -0.02933511510623024
                ],
                [
                    -0.08700305319682979,
                    0.005150284870763081,
                    -0.9961947316163541,
                    0.3042517498706076
                ]
            ]
        },
        {
            "transform_matrix": [
                [
                    0.9961947570310637,
                    0.0,
                    -0.08715506906554456,
                    -0.4973314742034484
                ],
                [
                    2.9942349427492247e-05,
                    -0.9999999409858084,
                    0.0003422452857036638,
                    0.0019529482759980043
                ],
                [
                    -0.0871550639221586,
                    -0.00034355258676892615,
                    -0.9961946982414355,
                    0.3154316516327229
                ]
            ]
        },
        {
            "transform_matrix": [
                [
                    0.9962117062743057,
                    0.0,
                    -0.0869611193697303,
                    -0.49526343275652973
                ],
                [
                    0.000507506575385073,
                    -0.9999829703074871,
                    0.005813908503870735,
                    0.03311094024712032
                ],
                [
                    -0.08695963844860685,
                    -0.005836017050646745,
                    -0.9961947410952701,
                    0.32654564052039264
                ]
            ]
        },
        {
            "transform_matrix": [
                [
                    0.9962585237251395,
                    0.0,
                    -0.08642310978555269,
                    -0.49126544796732907
                ],
                [
                    0.0009770270111441601,
                    -0.9999360946462473,
                    0.011262861174254858,
                    0.06401852386881371
                ],
                [
                    -0.08641758688614944,
                    -0.011305159159031897,
                    -0.9961948574717517,
                    0.33759119691323863
                ]
            ]
        },
        {
            "transform_matrix": [
                [
                    0.9963344687198216,
                    0.0,
                    -0.08554312620421833,
                    -0.4853599402969596
                ],
                [
                    0.001431061931720183,
                    -0.9998600583416661,
                    0.01666780713673847,
                    0.09455680011482127
                ],
                [
                    -0.08553115515727826,
                    -0.016729128279737968,
                    -0.9961950400220138,
                    0.3485658010097274
                ]
            ]
        },
        {
            "transform_matrix": [
                [
                    0.9964383397159805,
                    0.0,
                    -0.08432458208648427,
                    -0.4775760241769887
                ],
                [
                    0.001862415050100408,
                    -0.9997560687020941,
                    0.02200760103952598,
                    0.12460870292165845
                ],
                [
                    -0.08430401268173054,
                    -0.022086264811728252,
                    -0.9961952772184904,
                    0.3594669347226709
                ]
            ]
        },
        {
            "transform_matrix": [
                [
                    0.9965684932003795,
                    0.0,
                    -0.0827722076564656,
                    -0.4679494230643188
                ],
                [
                    0.0022642495752423146,
                    -0.9996257767327859,
                    0.027261321780784616,
                    0.15405938963197163
                ],
                [
                    -0.08274123237048188,
                    -0.027355191305755235,
                    -0.9961955540828514,
                    0.37029208450689083
                ]
            ]
        },
        {
            "transform_matrix": [
                [
                    0.9967228695609605,
                    0.0,
                    -0.0808920348004963,
                    -0.45652238147570523
                ],
                [
                    0.0026301965725397613,
                    -0.9994712507907563,
                    0.032408346282261524,
                    0.18279662731675173
                ],
                [
                    -0.08084926320106142,
                    -0.03251490185685902,
                    -0.996195853131845,
                    0.38103874497579077
                ]
            ]
        },
        {
            "transform_matrix": [
                [
                    0.9968990255242751,
                    0.0,
                    -0.07869137760104715,
                    -0.4433435714048977
                ],
                [
                    0.002954455909314317,
                    -0.9992949435951265,
                    0.037428423630884375,
                    0.2107111752480037
                ],
                [
                    -0.07863589574126122,
                    -0.03754484925010389,
                    -0.9961961554813171,
                    0.39170442311113995
                ]
            ]
        },
        {
            "transform_matrix": [
                [
                    0.9970941726572269,
                    0.0,
                    -0.0761788084246541,
                    -0.428467989882394
                ],
                [
                    0.003231888185359798,
                    -0.9990996531289145,
                    0.042301749567128726,
                    0.23769716352223147
                ],
                [
                    -0.07611022107284594,
                    -0.04242502937751185,
                    -0.9961964420386973,
                    0.40228664283092813
                ]
            ]
        },
        {
            "transform_matrix": [
                [
                    0.9973052213369706,
                    0.0,
                    -0.07336412947766828,
                    -0.41195684394014775
                ],
                [
                    0.0034580961914009566,
                    -0.998888478066082,
                    0.04700904123205686,
                    0.2636524675168428
                ],
                [
                    -0.07328258363859105,
                    -0.047136062487507416,
                    -0.9961966947086437,
                    0.412782949656328
                ]
            ]
        },
        {
            "transform_matrix": [
                [
                    0.997528829506317,
                    0.0,
                    -0.07025833974523692,
                    -0.39387741891174194
                ],
                [
                    0.0036294946042654537,
                    -0.9986647684445765,
                    0.05153161201105468,
                    0.2884790775075846
                ],
                [
                    -0.07016452859297741,
                    -0.05165927087697103,
                    -0.9961968975357156,
                    0.4231909152119834
                ]
            ]
        },
        {
            "transform_matrix": [
                [
                    0.9977614554553962,
                    0.0,
                    -0.06687359723784524,
                    -0.37430292584701125
                ],
                [
                    0.003743366813987559,
                    -0.9984320723807035,
                    0.05585144623435846,
                    0.3120834623981568
                ],
                [
                    -0.06676874427773431,
                    -0.05597675268871442,
                    -0.9961970377119183,
                    0.4335081413045562
                ]
            ]
        },
        {
            "transform_matrix": [
                [
                    0.9979994138049291,
                    0.0,
                    -0.06322317648630016,
                    -0.3533123238569921
                ],
                [
                    0.0037979079820112597,
                    -0.9981940796813059,
                    0.05995127341559027,
                    0.33437692612723363
                ],
                [
                    -0.06310900046727116,
                    -0.060071451532243546,
                    -0.996197106385494,
                    0.44373226335168126
                ]
            ]
        },
        {
            "transform_matrix": [
                [
                    0.9982389338133691,
                    0.0,
                    -0.05932142125023744,
                    -0.33099011343168594
                ],
                [
                    0.00379225364790763,
                    -0.9979545632570336,
                    0.06381464163288267,
                    0.3552759549382069
                ],
                [
                    -0.059200083035567216,
                    -0.0639272217014263,
                    -0.9961970992198876,
                    0.4538609529753213
                ]
            ]
        },
        {
            "transform_matrix": [
                [
                    0.9984762190903894,
                    0.0,
                    -0.05518369243681214,
                    -0.3074260971839235
                ],
                [
                    0.0037264934311054486,
                    -0.9977173192718826,
                    0.06742598958588798,
                    0.37470255333852875
                ],
                [
                    -0.05505772568558027,
                    -0.06752888881751533,
                    -0.9961970166675882,
                    0.4638919196271481
                ]
            ]
        },
        {
            "transform_matrix": [
                [
                    0.9987075077735377,
                    0.0,
                    -0.05082631126463091,
                    -0.2827151050553856
                ],
                [
                    0.0036016696104192282,
                    -0.9974861069808328,
                    0.07077071679896965,
                    0.3925845662540758
                ],
                [
                    -0.05069853935555274,
                    -0.07086230577833735,
                    -0.9961968639415559,
                    0.47382291117531605
                ]
            ]
        },
        {
            "transform_matrix": [
                [
                    0.9989291322139573,
                    0.0,
                    -0.04626649775237092,
                    -0.2569566817569861
                ],
                [
                    0.003419760603893745,
                    -0.9972645892087818,
                    0.07383525138883026,
                    0.40885598461451983
                ],
                [
                    -0.04613993987514721,
                    -0.0739144039429373,
                    -0.996196650686037,
                    0.48365171344777586
                ]
            ]
        },
        {
            "transform_matrix": [
                [
                    0.9991375772213018,
                    0.0,
                    -0.0415223046608358,
                    -0.23025473508110886
                ],
                [
                    0.0031836496108613417,
                    -0.9970562744102506,
                    0.07660711477602056,
                    0.42345723140207453
                ],
                [
                    -0.041400074390060326,
                    -0.0766732395243029,
                    -0.9961963903675553,
                    0.4933761487930237
                ]
            ]
        },
        {
            "transform_matrix": [
                [
                    0.999329535937489,
                    0.0,
                    -0.03661254707013723,
                    -0.2027171446884303
                ],
                [
                    0.0028970789133264205,
                    -0.9968644612209787,
                    0.07907498269603248,
                    0.43633542507030876
                ],
                [
                    -0.036497747009000076,
                    -0.07912803519997118,
                    -0.9961960994245356,
                    0.5029940737805842
                ]
            ]
        },
        {
            "transform_matrix": [
                [
                    0.9995019624436653,
                    0.0,
                    -0.031556727828816224,
                    -0.17445533200422328
                ],
                [
                    0.0025645905611161235,
                    -0.9966921863701796,
                    0.08122874185831652,
                    0.44744461720161244
                ],
                [
                    -0.03145234405439153,
                    -0.08126921698054675,
                    -0.9961957962292619,
                    0.5125033762169414
                ]
            ]
        },
        {
            "transform_matrix": [
                [
                    0.9996521202542986,
                    0.0,
                    -0.026374959167463668,
                    -0.14558379292235646
                ],
                [
                    0.002191454381060051,
                    -0.9965421767667489,
                    0.08305954161133657,
                    0.4567460013280657
                ],
                [
                    -0.026283759220878364,
                    -0.08308844639894056,
                    -0.9961954999277146,
                    0.521901971694795
                ]
            ]
        },
        {
            "transform_matrix": [
                [
                    0.9997776259160569,
                    0.0,
                    -0.021087880824137692,
                    -0.11621959607246087
                ],
                [
                    0.0017835844513625263,
                    -0.9964168065051255,
                    0.08455983999885565,
                    0.4642080899941316
                ],
                [
                    -0.021012318866747953,
                    -0.08457864809824764,
                    -0.9961952292305535,
                    0.5311877999220472
                ]
            ]
        },
        {
            "transform_matrix": [
                [
                    0.9998764870061322,
                    0.0,
                    -0.0157165750809742,
                    -0.08648185041963434
                ],
                [
                    0.0013474453651256763,
                    -0.9963180594579563,
                    0.08572344363661734,
                    0.4698068573902005
                ],
                [
                    -0.015658707586001488,
                    -0.08573403290369763,
                    -0.996195001231588,
                    0.5403588210900824
                ]
            ]
        },
        {
            "transform_matrix": [
                [
                    0.9999471339137581,
                    0.0,
                    -0.010282479159261643,
                    -0.056491146900498765
                ],
                [
                    0.0008899497687768081,
                    -0.9962474980344993,
                    0.0865455408984736,
                    0.4735258452290641
                ],
                [
                    -0.010243894136006293,
                    -0.08655011646439485,
                    -0.99619483032835,
                    0.5494130125382837
                ]
            ]
        },
        {
            "transform_matrix": [
                [
                    0.9999884448884081,
                    0.0,
                    -0.0048072954624331955,
                    -0.026368979620961158
                ],
                [
                    0.0004183487993912369,
                    -0.9962062385871816,
                    0.08702272797529118,
                    0.4753562299644651
                ],
                [
                    -0.0047890577304077996,
                    -0.08702373354424342,
                    -0.9961947273129261,
                    0.5583483659532291
                ]
            ]
        },
        {
            "transform_matrix": [
                [
                    0.9999997639468988,
                    0.0,
                    0.0006870998083945005,
                    0.0037628471800349793
                ],
                [
                    -5.9882842602001396e-05,
                    -0.9961949338453715,
                    0.0871530274566585,
                    0.47529684994982097
                ],
                [
                    0.0006844853481687268,
                    -0.08715304802940577,
                    -0.996194698690468,
                    0.5671628853081688
                ]
            ]
        },
        {
            "transform_matrix": [
                [
                    0.9999809113475009,
                    0.0,
                    0.006178749114638171,
                    0.03378281968488572
                ],
                [
                    -0.0005371653638646681,
                    -0.9962137626467378,
                    0.0869358991821047,
                    0.47335419169070136
                ],
                [
                    0.006155354903943892,
                    -0.0869375587029519,
                    -0.9961947462684078,
                    0.5758545857029316
                ]
            ]
        },
        {
            "transform_matrix": [
                [
                    0.9999321864601793,
                    0.0,
                    0.01164570654641392,
                    0.06357031552859063
                ],
                [
                    -0.0010059340141546388,
                    -0.9962624271240983,
                    0.08637224321250399,
                    0.46954233493865244
                ],
                [
                    0.011602179869505333,
                    -0.0863781008172834,
                    -0.9961948670423247,
                    0.5844214932090919
                ]
            ]
        },
        {
            "transform_matrix": [
                [
                    0.9998543629861176,
                    0.0,
                    0.017066130716270854,
                    0.09300619813888583
                ],
                [
                    -0.001458758983921599,
                    -0.996340157390999,
                    0.08546439488059399,
                    0.4638828569866173
                ],
                [
                    0.017003671363904665,
                    -0.08547684347283346,
                    -0.9961950533856655,
                    0.5928616457634419
                ]
            ]
        },
        {
            "transform_matrix": [
                [
                    0.9997486766045435,
                    0.0,
                    0.022418377003340408,
                    0.12197339729433554
                ],
                [
                    -0.0018884631632988254,
                    -0.9964457236539985,
                    0.08421611198897737,
                    0.456404697136709
                ],
                [
                    0.02233869589624169,
                    -0.0842372827889119,
                    -0.9961952935313416,
                    0.6011730950878346
                ]
            ]
        },
        {
            "transform_matrix": [
                [
                    0.9996168052483559,
                    0.0,
                    0.0276810885817463,
                    0.1503574690885617
                ],
                [
                    -0.0022882358961706572,
                    -0.9965774555653686,
                    0.08263255433144602,
                    0.4471439828985607
                ],
                [
                    0.027586348826076305,
                    -0.08266423083084909,
                    -0.9961955723147892,
                    0.6093539095495248
                ]
            ]
        },
        {
            "transform_matrix": [
                [
                    0.9994608423299839,
                    0.0,
                    0.032833285687532306,
                    0.17804712896077288
                ],
                [
                    -0.0026517409264329235,
                    -0.996733268518252,
                    0.0807202558158819,
                    0.43614382002102514
                ],
                [
                    0.03272602815952762,
                    -0.08076380023824,
                    -0.9961958721315701,
                    0.6174021778167635
                ]
            ]
        },
        {
            "transform_matrix": [
                [
                    0.9992832633531809,
                    0.0,
                    0.03785445260755249,
                    0.20493475210177278
                ],
                [
                    -0.0029732168255654245,
                    -0.9969106964788197,
                    0.07848708956142267,
                    0.42345404894353034
                ],
                [
                    0.037737508713819624,
                    -0.07854338448344717,
                    -0.9961961740490474,
                    0.6253160131132712
                ]
            ]
        },
        {
            "transform_matrix": [
                [
                    0.9990868864531145,
                    0.0,
                    0.04272462191080698,
                    0.23091683634854768
                ],
                [
                    -0.0032475683097499997,
                    -0.9971069308481805,
                    0.07594222642637885,
                    0.4091309706605226
                ],
                [
                    0.04260101662513367,
                    -0.07601163367881188,
                    -0.9961964590019295,
                    0.6330935578356698
                ]
            ]
        },
        {
            "transform_matrix": [
                [
                    0.9988748275043348,
                    0.0,
                    0.0474244554864423,
                    0.2558944236118861
                ],
                [
                    -0.003470446999114796,
                    -0.9973188647522219,
                    0.07309608749424108,
                    0.3932370453110415
                ],
                [
                    0.04729730410723092,
                    -0.0731784258462794,
                    -0.9961967089961946,
                    0.6407329882723128
                ]
            ]
        },
        {
            "transform_matrix": [
                [
                    0.9986504505223931,
                    0.0,
                    0.051935322001709305,
                    0.27977347690839144
                ],
                [
                    -0.003638320338984102,
                    -0.997543142071637,
                    0.06996029110114453,
                    0.375840567027262
                ],
                [
                    0.051807724294087316,
                    -0.07005483356518627,
                    -0.9961969082453639,
                    0.6482325191523179
                ]
            ]
        },
