{
    "camera_angle_x": 0.8279103882874479,
    "frames": [
        {
            "transform_matrix": [
                [
                    1.0,
                    0.0,
                    0.0,
                    -0.0
                ],
                [
                    0.0,
                    -0.9961946980917454,
                    -0.08715574274765817,
                    -0.08715574274765817
                ],
                [
                    0.0,
                    0.08715574274765817,
                    -0.9961946980917454,
                    0.003805301908254369
                ]
            ]
        },
        {
            "transform_matrix": [
                [
                    0.9999849122968346,
                    0.0,
                    -0.005493193851664584,
                    -0.005503000830350843
                ],
                [
                    -0.00047781632442394056,
                    -0.9962097667280991,
                    -0.08698202324104787,
                    -0.08680762479297816
                ],
                [
                    -0.005472373365559003,
                    0.08698333561979603,
                    -0.9961947362108483,
                    0.005802628411136968
                ]
            ]
        },
        {
            "transform_matrix": [
                [
                    0.9999398887731153,
                    0.0,
                    -0.010964435252673873,
                    -0.010961538944222552
                ],
                [
                    -0.0009480594380884779,
                    -0.9962547342554025,
                    -0.08646158486286903,
                    -0.08611490453974509
                ],
                [
                    -0.010923370528913175,
                    0.08646678248724911,
                    -0.9961948481610368,
                    0.007799540241657986
                ]
            ]
        },
        {
            "transform_matrix": [
                [
                    0.9998656443603253,
                    0.0,
                    -0.016391864686843075,
                    -0.016353476795042794
                ],
                [
                    -0.0014032761619159255,
                    -0.9963288892781975,
                    -0.08559658407720623,
                    -0.08508184980304757
                ],
                [
                    -0.01633168833664087,
                    0.08560808600636294,
                    -0.9961950268729521,
                    0.00979558279454778
                ]
            ]
        },
        {
            "transform_matrix": [
                [
                    0.9997633579205555,
                    0.0,
                    -0.02175380792908507,
                    -0.021657084551573846
                ],
                [
                    -0.001836251477873971,
                    -0.9964310585791359,
                    -0.08439060184269427,
                    -0.08371412175024744
                ],
                [
                    -0.021676169862905437,
                    0.08441057693714779,
                    -0.9961952610614107,
                    0.011790299505559338
                ]
            ]
        },
        {
            "transform_matrix": [
                [
                    0.9996346534283664,
                    0.0,
                    -0.027028867256139052,
                    -0.02685114582533429
                ],
                [
                    -0.002240122883834362,
                    -0.996559625580665,
                    -0.08284862408024528,
                    -0.08201873959914985
                ],
                [
                    -0.02693587783264743,
                    0.08287890360353758,
                    -0.9961955359380307,
                    0.013783232262280535
                ]
            ]
        },
        {
            "transform_matrix": [
                [
                    0.9994815740563184,
                    0.0,
                    -0.03219601096261117,
                    -0.03191505841270207
                ],
                [
                    -0.0026084891615272077,
                    -0.9967125557923965,
                    -0.08097701470221562,
                    -0.08000403822430183
                ],
                [
                    -0.03209016837286419,
                    0.08101901706259244,
                    -0.9961958341450805,
                    0.015773921934261786
                ]
            ]
        },
        {
            "transform_matrix": [
                [
                    0.9993065495859669,
                    0.0,
                    -0.037234660661671984,
                    -0.03682892901072126
                ],
                [
                    -0.002935511833693005,
                    -0.9968874288518547,
                    -0.07878348156442704,
                    -0.07767961917516449
                ],
                [
                    -0.037118765131185484,
                    0.07883815191351307,
                    -0.9961961368515729,
                    0.017761908997160028
                ]
            ]
        },
        {
            "transform_matrix": [
                [
                    0.9991123576738331,
                    0.0,
                    -0.042124775885872656,
                    -0.04157366100440191
                ],
                [
                    -0.0032160077023542116,
                    -0.9970814766637164,
                    -0.07627703578771834,
                    -0.075056295689174
                ],
                [
                    -0.04200183374441402,
                    0.0763448026659475,
                    -0.9961964249423927,
                    0.01974673421940421
                ]
            ]
        },
        {
            "transform_matrix": [
                [
                    0.9989020796003487,
                    0.0,
                    -0.046846935546509684,
                    -0.04613103458466844
                ],
                [
                    -0.0034455310014379387,
                    -0.9972916270471015,
                    -0.0734679449682863,
                    -0.07214603234545353
                ],
                [
                    -0.046720056573349336,
                    0.07354869558153301,
                    -0.9961966802253651,
                    0.021727939375502672
                ]
            ]
        },
        {
            "transform_matrix": [
                [
                    0.9986790512174314,
                    0.0,
                    -0.05138241585845605,
                    -0.05048377863464716
                ],
                [
                    -0.0036204438615488007,
                    -0.9975145522133846,
                    -0.07036768085404255,
                    -0.06896188004954588
                ],
                [
                    -0.0512547075466897,
                    0.0704607559037725,
                    -0.9961968865800438,
                    0.023705067947861414
                ]
            ]
        },
        {
            "transform_matrix": [
                [
                    0.9984468098857456,
                    0.0,
                    -0.05571326438989139,
                    -0.05461563401167768
                ],
                [
                    -0.003737973969913451,
                    -0.9977467213197586,
                    -0.06698886210611643,
                    -0.0655179070651439
                ],
                [
                    -0.055587726879034995,
                    0.06709307039979637,
                    -0.996197030975675,
                    0.025677665779052367
                ]
            ]
        },
        {
            "transform_matrix": [
                [
                    0.9982090382547172,
                    0.0,
                    -0.059822369951318885,
                    -0.05851140804694675
                ],
                [
                    -0.003796258511463942,
                    -0.9979844562776354,
                    -0.06334519278956051,
                    -0.06182912681528901
                ],
                [
                    -0.05970179534910653,
                    0.06345884515363048,
                    -0.9961971042940553,
                    0.027645281638929257
                ]
            ]
        },
        {
            "transform_matrix": [
                [
                    0.9979695057860923,
                    0.0,
                    -0.06369352809401221,
                    -0.06215702027750796
                ],
                [
                    -0.003794373694479987,
                    -0.9982239899410816,
                    -0.05945139724492549,
                    -0.05791142316352678
                ],
                [
                    -0.06358040774742925,
                    0.05957235857431948,
                    -0.9961971019053224,
                    0.0296074676757507
                ]
            ]
        },
        {
            "transform_matrix": [
                [
                    0.9977320089546686,
                    0.0,
                    -0.06731150204297176,
                    -0.06553953961032652
                ],
                [
                    -0.003732349392721863,
                    -0.9984615257598496,
                    -0.0553231519829076,
                    -0.05378147385635308
                ],
                [
                    -0.06720794503101282,
                    0.05544890961338414,
                    -0.9961970239603184,
                    0.03156377972731007
                ]
            ]
        },
        {
            "transform_matrix": [
                [
                    0.9975003110774403,
                    0.0,
                    -0.07066207894202987,
                    -0.06864721328887445
                ],
                [
                    -0.003611168671929967,
                    -0.9986932979549975,
                    -0.050977015218564306,
                    -0.04945667276386721
                ],
                [
                    -0.0705697446589722,
                    0.05110476122408621,
                    -0.9961968753810648,
                    0.033513777476595695
                ]
            ]
        },
        {
            "transform_matrix": [
                [
                    0.9972780827247092,
                    0.0,
                    -0.07373212133750155,
                    -0.07146948818425324
                ],
                [
                    -0.003432752208197539,
                    -0.9989156312632432,
                    -0.04643035462101974,
                    -0.044955051498242624
                ],
                [
                    -0.0736521685302284,
                    0.04655707913901531,
                    -0.9961966655499498,
                    0.03545702444622034
                ]
            ]
        },
        {
            "transform_matrix": [
                [
                    0.9970688436539332,
                    0.0,
                    -0.07650961387046912,
                    -0.07399702506013185
                ],
                [
                    -0.0031999278452343426,
                    -0.9991249992994654,
                    -0.04170127380103409,
                    -0.04029520092217132
                ],
                [
                    -0.07644266790473482,
                    0.04182386609154537,
                    -0.9961964077172548,
                    0.03739308783616446
                ]
            ]
        },
        {
            "transform_matrix": [
                [
                    0.9968759071796196,
                    0.0,
                    -0.07898370518537536,
                    -0.07622170656015848
                ],
                [
                    -0.002916385773127651,
                    -0.9993180806053299,
                    -0.03680853799462772,
                    -0.035496192984791015
                ],
                [
                    -0.07892984466494654,
                    0.03692389165946155,
                    -0.9961961181644344,
                    0.039321538219598155
                ]
            ]
        },
        {
            "transform_matrix": [
                [
                    0.9967023278510723,
                    0.0,
                    -0.08114474509328001,
                    -0.07813663973514791
                ],
                [
                    -0.002586620039132024,
                    -0.9994918114858029,
                    -0.031771499328828674,
                    -0.030577503243807487
                ],
                [
                    -0.08110350826583616,
                    0.031876617964090866,
                    -0.9961958151759849,
                    0.04124194912100402
                ]
            ]
        },
        {
            "transform_matrix": [
                [
                    0.9965508532551234,
                    0.0,
                    -0.08298431705138906,
                    -0.07973615396359772
                ],
                [
                    -0.002215857317664556,
                    -0.9996434347839487,
                    -0.026610021978523465,
                    -0.025558934352591038
                ],
                [
                    -0.08295472773045076,
                    0.026702121514024863,
                    -0.9961955178848263,
                    0.04315389650886282
                ]
            ]
        },
        {
            "transform_matrix": [
                [
                    0.9964238806941031,
                    0.0,
                    -0.084495266036055,
                    -0.08101579512242528
                ],
                [
                    -0.0018099740686115843,
                    -0.9997705438072859,
                    -0.021344407444460582,
                    -0.02046054071282038
                ],
                [
                    -0.08447587807400801,
                    0.021421011537371214,
                    -0.9961952450641097,
                    0.0450569582412037
                ]
            ]
        },
        {
            "transform_matrix": [
                [
                    0.9963234194114093,
                    0.0,
                    -0.08567172189443004,
                    -0.08197231683589352
                ],
                [
                    -0.0013754033970672333,
                    -0.9998711206951817,
                    -0.01599532010486167,
                    -0.015302554419404459
                ],
                [
                    -0.0856606805824697,
                    0.016054345198782044,
                    -0.9961950139417414,
                    0.04695071350591682
                ]
            ]
        },
        {
            "transform_matrix": [
                [
                    0.9962510589493799,
                    0.0,
                    -0.08650911826067155,
                    -0.08260366957127654
                ],
                [
                    -0.0009190330908105097,
                    -0.9999435686051354,
                    -0.010583713119935162,
                    -0.01010531255726015
                ],
                [
                    -0.0865042364304596,
                    0.01062354014569025,
                    -0.9961948391124882,
                    0.0488347422985658
                ]
            ]
        },
        {
            "transform_matrix": [
                [
                    0.996207944128132,
                    0.0,
                    -0.08700420711666956,
                    -0.08290898826273616
                ],
                [
                    -0.0004480964516057209,
                    -0.999986737194924,
                    -0.005130754702777112,
                    -0.004889185851038375
                ],
                [
                    -0.08700305319682979,
                    0.005150284870763082,
                    -0.9961947316163539,
                    0.050708624978434445
                ]
            ]
        },
        {
            "transform_matrix": [
                [
                    0.9961947570310636,
                    0.0,
                    -0.08715506906554456,
                    -0.08288857903390807
                ],
                [
                    2.9942349427492247e-05,
                    -0.9999999409858084,
                    0.00034224528570366377,
                    0.0003254913793330008
                ],
                [
                    -0.0871550639221586,
                    -0.00034355258676892615,
                    -0.9961946982414354,
                    0.052571941938786886
                ]
            ]
        },
        {
            "transform_matrix": [
                [
                    0.9962117062743056,
                    0.0,
                    -0.08696111936973032,
                    -0.08254390545942164
                ],
                [
                    0.0005075065753850732,
                    -0.9999829703074871,
                    0.0058139085038707355,
                    0.005518490041186722
                ],
                [
                    -0.08695963844860687,
                    -0.005836017050646746,
                    -0.99619474109527,
                    0.05442427342006529
                ]
            ]
        },
        {
            "transform_matrix": [
                [
                    0.9962585237251395,
                    0.0,
                    -0.08642310978555268,
                    -0.08187757466122147
                ],
                [
                    0.0009770270111441601,
                    -0.9999360946462476,
                    0.01126286117425486,
                    0.01066975397813562
                ],
                [
                    -0.08641758688614945,
                    -0.0113051591590319,
                    -0.996194857471752,
                    0.05626519948553985
                ]
            ]
        },
        {
            "transform_matrix": [
                [
                    0.9963344687198215,
                    0.0,
                    -0.08554312620421835,
                    -0.08089332338282659
                ],
                [
                    0.0014310619317201832,
                    -0.9998600583416664,
                    0.016667807136738468,
                    0.01575946668580355
                ],
                [
                    -0.08553115515727829,
                    -0.016729128279737968,
                    -0.9961950400220139,
                    0.05809430016828805
                ]
            ]
        },
        {
            "transform_matrix": [
                [
                    0.9964383397159804,
                    0.0,
                    -0.08432458208648427,
                    -0.0795960040294981
                ],
                [
                    0.0018624150501004087,
                    -0.9997560687020943,
                    0.022007601039525985,
                    0.020768117153609746
                ],
                [
                    -0.08430401268173056,
                    -0.02208626481172826,
                    -0.9961952772184905,
                    0.059911155787111973
                ]
            ]
        },
        {
            "transform_matrix": [
                [
                    0.9965684932003795,
                    0.0,
                    -0.0827722076564656,
                    -0.0779915705107198
                ],
                [
                    0.002264249575242315,
                    -0.9996257767327862,
                    0.02726132178078462,
                    0.025676564938661942
                ],
                [
                    -0.0827412323704819,
                    -0.027355191305755238,
                    -0.9961955540828518,
                    0.06171534741781534
                ]
            ]
        },
        {
            "transform_matrix": [
                [
                    0.9967228695609603,
                    0.0,
                    -0.0808920348004963,
                    -0.07608706357928419
                ],
                [
                    0.002630196572539762,
                    -0.9994712507907565,
                    0.032408346282261524,
                    0.030466104552791966
                ],
                [
                    -0.08084926320106144,
                    -0.03251490185685903,
                    -0.9961958531318451,
                    0.06350645749596522
                ]
            ]
        },
        {
            "transform_matrix": [
                [
                    0.9968990255242751,
                    0.0,
                    -0.07869137760104715,
                    -0.07389059523414959
                ],
                [
                    0.002954455909314317,
                    -0.9992949435951266,
                    0.037428423630884375,
                    0.03511852920800062
                ],
                [
                    -0.07863589574126122,
                    -0.03754484925010389,
                    -0.9961961554813172,
                    0.06528407051852356
                ]
            ]
        },
        {
            "transform_matrix": [
                [
                    0.9970941726572269,
                    0.0,
                    -0.0761788084246541,
                    -0.07141133164706563
                ],
                [
                    0.003231888185359797,
                    -0.9990996531289147,
                    0.04230174956712872,
                    0.0396161939203719
                ],
                [
                    -0.07611022107284596,
                    -0.042425029377511844,
                    -0.9961964420386975,
                    0.06704777380515514
                ]
            ]
        },
        {
            "transform_matrix": [
                [
                    0.9973052213369705,
                    0.0,
                    -0.07336412947766828,
                    -0.06865947399002462
                ],
                [
                    0.003458096191400956,
                    -0.9988884780660822,
                    0.04700904123205685,
                    0.04394207791947378
                ],
                [
                    -0.07328258363859107,
                    -0.04713606248750741,
                    -0.9961966947086437,
                    0.06879715827605482
                ]
            ]
        },
        {
            "transform_matrix": [
                [
                    0.9975288295063169,
                    0.0,
                    -0.07025833974523693,
                    -0.06564623648529033
                ],
                [
                    0.003629494604265453,
                    -0.9986647684445766,
                    0.05153161201105466,
                    0.04807984625126409
                ],
                [
                    -0.07016452859297743,
                    -0.05165927087697101,
                    -0.9961968975357156,
                    0.07053181920199723
                ]
            ]
        },
        {
            "transform_matrix": [
                [
                    0.9977614554553961,
                    0.0,
                    -0.06687359723784524,
                    -0.062383820974501875
                ],
                [
                    0.003743366813987559,
                    -0.9984320723807036,
                    0.055851446234358455,
                    0.05201391039969282
                ],
                [
                    -0.06676874427773431,
                    -0.05597675268871442,
                    -0.9961970377119183,
                    0.07225135688409275
                ]
            ]
        },
        {
            "transform_matrix": [
                [
                    0.9979994138049291,
                    0.0,
                    -0.06322317648630017,
                    -0.058885387309498695
                ],
                [
                    0.0037979079820112606,
                    -0.9981940796813059,
                    0.05995127341559027,
                    0.055729487687872274
                ],
                [
                    -0.06310900046727118,
                    -0.060071451532243546,
                    -0.996197106385494,
                    0.07395537722528026
                ]
            ]
        },
        {
            "transform_matrix": [
                [
                    0.9982389338133691,
                    0.0,
                    -0.05932142125023744,
                    -0.05516501890528099
                ],
                [
                    0.003792253647907631,
                    -0.9979545632570336,
                    0.06381464163288268,
                    0.059212659156367836
                ],
                [
                    -0.059200083035567216,
                    -0.06392722170142631,
                    -0.9961970992198876,
                    0.07564349216255348
                ]
            ]
        },
        {
            "transform_matrix": [
                [
                    0.9984762190903894,
                    0.0,
                    -0.05518369243681214,
                    -0.051237682863987256
                ],
                [
                    0.0037264934311054486,
                    -0.9977173192718826,
                    0.06742598958588798,
                    0.06245042555642147
                ],
                [
                    -0.05505772568558027,
                    -0.06752888881751533,
                    -0.9961970166675882,
                    0.07731531993785794
                ]
            ]
        },
        {
            "transform_matrix": [
                [
                    0.9987075077735378,
                    0.0,
                    -0.05082631126463091,
                    -0.04711918417589761
                ],
                [
                    0.0036016696104192282,
                    -0.9974861069808327,
                    0.07077071679896967,
                    0.06543076104234596
                ],
                [
                    -0.050698539355552734,
                    -0.07086230577833735,
                    -0.9961968639415559,
                    0.07897048519588605
                ]
            ]
        },
        {
            "transform_matrix": [
                [
                    0.9989291322139574,
                    0.0,
                    -0.04626649775237092,
                    -0.042826113626164355
                ],
                [
                    0.003419760603893745,
                    -0.9972645892087817,
                    0.07383525138883026,
                    0.06814266410241997
                ],
                [
                    -0.04613993987514721,
                    -0.0739144039429373,
                    -0.996196650686037,
                    0.0806086189079626
                ]
            ]
        },
        {
            "transform_matrix": [
                [
                    0.9991375772213019,
                    0.0,
                    -0.0415223046608358,
                    -0.03837578918018481
                ],
                [
                    0.0031836496108613417,
                    -0.9970562744102505,
                    0.07660711477602056,
                    0.07057620523367908
                ],
                [
                    -0.04140007439006032,
                    -0.0766732395243029,
                    -0.9961963903675553,
                    0.08222935813217065
                ]
            ]
        },
        {
            "transform_matrix": [
                [
                    0.9993295359374891,
                    0.0,
                    -0.03661254707013723,
                    -0.03378619078140505
                ],
                [
                    0.0028970789133264192,
                    -0.9968644612209786,
                    0.07907498269603247,
                    0.07272257084505146
                ],
                [
                    -0.03649774700900007,
                    -0.07912803519997115,
                    -0.9961960994245356,
                    0.08383234563009714
                ]
            ]
        },
        {
            "transform_matrix": [
                [
                    0.9995019624436654,
                    0.0,
                    -0.03155672782881623,
                    -0.029075888667370556
                ],
                [
                    0.002564590561116124,
                    -0.9966921863701795,
                    0.08122874185831652,
                    0.07457410286693539
                ],
                [
                    -0.03145234405439154,
                    -0.08126921698054675,
                    -0.9961957962292619,
                    0.0854172293694902
                ]
            ]
        },
        {
            "transform_matrix": [
                [
                    0.9996521202542988,
                    0.0,
                    -0.026374959167463668,
                    -0.024263965487059416
                ],
                [
                    0.002191454381060051,
                    -0.9965421767667488,
                    0.0830595416113366,
                    0.07612433355467758
                ],
                [
                    -0.02628375922087836,
                    -0.08308844639894056,
                    -0.9961954999277147,
                    0.08698366194913269
                ]
            ]
        },
        {
            "transform_matrix": [
                [
                    0.999777625916057,
                    0.0,
                    -0.021087880824137692,
                    -0.01936993267874348
                ],
                [
                    0.0017835844513625265,
                    -0.9964168065051254,
                    0.08455983999885566,
                    0.07736801499902196
                ],
                [
                    -0.021012318866747953,
                    -0.08457864809824765,
                    -0.9961952292305535,
                    0.08853129998700787
                ]
            ]
        },
        {
            "transform_matrix": [
                [
                    0.9998764870061324,
                    0.0,
                    -0.0157165750809742,
                    -0.014413641736605726
                ],
                [
                    0.0013474453651256763,
                    -0.9963180594579562,
                    0.08572344363661735,
                    0.07830114289836673
                ],
                [
                    -0.015658707586001484,
                    -0.08573403290369763,
                    -0.9961950012315881,
                    0.09005980351501384
                ]
            ]
        },
        {
            "transform_matrix": [
                [
                    0.9999471339137583,
                    0.0,
                    -0.010282479159261643,
                    -0.009415191150083132
                ],
                [
                    0.0008899497687768076,
                    -0.9962474980344992,
                    0.08654554089847358,
                    0.07892097420484397
                ],
                [
                    -0.010243894136006293,
                    -0.08655011646439481,
                    -0.9961948303283501,
                    0.09156883542304728
                ]
            ]
        },
        {
            "transform_matrix": [
                [
                    0.9999884448884081,
                    0.0,
                    -0.0048072954624331955,
                    -0.004394829936826862
                ],
                [
                    0.00041834879939123693,
                    -0.9962062385871815,
                    0.08702272797529119,
                    0.07922603832741087
                ],
                [
                    -0.004789057730407799,
                    -0.08702373354424343,
                    -0.996194727312926,
                    0.09305806099220452
                ]
            ]
        },
        {
            "transform_matrix": [
                [
                    0.9999997639468988,
                    0.0,
                    0.0006870998083945004,
                    0.0006271411966724964
                ],
                [
                    -5.988284260200139e-05,
                    -0.9961949338453714,
                    0.0871530274566585,
                    0.07921614165830348
                ],
                [
                    0.0006844853481687267,
                    -0.08715304802940577,
                    -0.9961946986904678,
                    0.09452714755136155
                ]
            ]
        },
        {
            "transform_matrix": [
                [
                    0.999980911347501,
                    0.0,
                    0.006178749114638171,
                    0.005630469947480954
                ],
                [
                    -0.0005371653638646681,
                    -0.9962137626467377,
                    0.08693589918210472,
                    0.07889236528178355
                ],
                [
                    0.006155354903943892,
                    -0.0869375587029519,
                    -0.9961947462684078,
                    0.09597576428382186
                ]
            ]
        },
        {
            "transform_matrix": [
                [
                    0.9999321864601795,
                    0.0,
                    0.011645706546413922,
                    0.010595052588098446
                ],
                [
                    -0.0010059340141546386,
                    -0.9962624271240982,
                    0.08637224321250397,
                    0.07825705582310871
                ],
                [
                    0.011602179869505333,
                    -0.08637810081728337,
                    -0.9961948670423247,
                    0.09740358220151508
                ]
            ]
        },
        {
            "transform_matrix": [
                [
                    0.9998543629861179,
                    0.0,
                    0.01706613071627086,
                    0.015501033023147648
                ],
                [
                    -0.0014587589839216001,
                    -0.9963401573909989,
                    0.08546439488059404,
                    0.07731380949776957
                ],
                [
                    0.017003671363904672,
                    -0.08547684347283349,
                    -0.9961950533856656,
                    0.09881027429390708
                ]
            ]
        },
        {
            "transform_matrix": [
                [
                    0.9997486766045437,
                    0.0,
                    0.02241837700334041,
                    0.020328899549055927
                ],
                [
                    -0.001888463163298826,
                    -0.9964457236539985,
                    0.0842161119889774,
                    0.07606744952278482
                ],
                [
                    0.022338695896241694,
                    -0.08423728278891192,
                    -0.9961952935313418,
                    0.10019551584797255
                ]
            ]
        },
        {
            "transform_matrix": [
                [
                    0.999616805248356,
                    0.0,
                    0.0276810885817463,
                    0.02505957818142695
                ],
                [
                    -0.0022882358961706572,
                    -0.9965774555653685,
                    0.08263255433144602,
                    0.0745239971497601
                ],
                [
                    0.0275863488260763,
                    -0.08266423083084909,
                    -0.9961955723147892,
                    0.10155898492492092
                ]
            ]
        },
        {
            "transform_matrix": [
                [
                    0.999460842329984,
                    0.0,
                    0.03283328568753231,
                    0.02967452149346216
                ],
                [
                    -0.002651740926432924,
                    -0.9967332685182518,
                    0.08072025581588191,
                    0.07269063667017085
                ],
                [
                    0.03272602815952762,
                    -0.08076380023824,
                    -0.9961958721315701,
                    0.10290036296946048
                ]
            ]
        },
        {
            "transform_matrix": [
                [
                    0.999283263353181,
                    0.0,
                    0.03785445260755249,
                    0.03415579201696213
                ],
                [
                    -0.002973216825565424,
                    -0.9969106964788196,
                    0.07848708956142267,
                    0.07057567482392171
                ],
                [
                    0.037737508713819624,
                    -0.07854338448344715,
                    -0.9961961740490474,
                    0.10421933551887849
                ]
            ]
        },
        {
            "transform_matrix": [
                [
                    0.9990868864531146,
                    0.0,
                    0.04272462191080698,
                    0.03848613939142461
                ],
                [
                    -0.0032475683097500005,
                    -0.9971069308481804,
                    0.07594222642637888,
                    0.0681884951100871
                ],
                [
                    0.04260101662513367,
                    -0.07601163367881189,
                    -0.9961964590019295,
                    0.1055155929726117
                ]
            ]
        },
        {
            "transform_matrix": [
                [
                    0.9988748275043349,
                    0.0,
                    0.0474244554864423,
                    0.04264907060198103
                ],
                [
                    -0.003470446999114796,
                    -0.9973188647522218,
                    0.0730960874942411,
                    0.06553950755184026
                ],
                [
                    0.04729730410723091,
                    -0.0731784258462794,
                    -0.9961967089961946,
                    0.10678883137871858
                ]
            ]
        },
        {
            "transform_matrix": [
                [
                    0.9986504505223932,
                    0.0,
                    0.05193532200170931,
                    0.04662891281806524
                ],
                [
                    -0.0036383203389841025,
                    -0.9975431420716369,
                    0.06996029110114454,
                    0.06264009450454365
                ],
                [
                    0.05180772429408732,
                    -0.07005483356518627,
