{
    "camera_angle_x": 0.8279103882874479,
    "frames": [
        {
            "transform_matrix": [
                [
                    1.0,
                    0.0,
                    0.0,
                    -0.0
                ],
                [
                    0.0,
                    -0.9961946980917454,
                    -0.08715574274765817,
                    -0.02178893568691454
                ],
                [
                    0.0,
                    0.08715574274765817,
                    -0.9961946980917454,
                    0.0009513254770635922
                ]
            ]
        },
        {
            "transform_matrix": [
                [
                    0.9999849122968346,
                    0.0,
                    -0.005493193851664584,
                    -0.0013757502075877107
                ],
                [
                    -0.00047781632442394056,
                    -0.9962097667280991,
                    -0.08698202324104787,
                    -0.02170190619824454
                ],
                [
                    -0.005472373365559003,
                    0.08698333561979603,
                    -0.9961947362108483,
                    0.001450657102784242
                ]
            ]
        },
        {
            "transform_matrix": [
                [
                    0.9999398887731153,
                    0.0,
                    -0.010964435252673873,
                    -0.002740384736055638
                ],
                [
                    -0.0009480594380884779,
                    -0.9962547342554025,
                    -0.08646158486286903,
                    -0.021528726134936272
                ],
                [
                    -0.010923370528913175,
                    0.08646678248724911,
                    -0.9961948481610368,
                    0.0019498850604144965
                ]
            ]
        },
        {
            "transform_matrix": [
                [
                    0.9998656443603253,
                    0.0,
                    -0.016391864686843075,
                    -0.0040883691987606986
                ],
                [
                    -0.0014032761619159255,
                    -0.9963288892781975,
                    -0.08559658407720623,
                    -0.021270462450761893
                ],
                [
                    -0.01633168833664087,
                    0.08560808600636294,
                    -0.9961950268729521,
                    0.002448895698636945
                ]
            ]
        },
        {
            "transform_matrix": [
                [
                    0.9997633579205555,
                    0.0,
                    -0.02175380792908507,
                    -0.005414271137893461
                ],
                [
                    -0.001836251477873971,
                    -0.9964310585791359,
                    -0.08439060184269427,
                    -0.02092853043756186
                ],
                [
                    -0.021676169862905437,
                    0.08441057693714779,
                    -0.9961952610614107,
                    0.0029475748763898345
                ]
            ]
        },
        {
            "transform_matrix": [
                [
                    0.9996346534283664,
                    0.0,
                    -0.027028867256139052,
                    -0.006712786456333573
                ],
                [
                    -0.002240122883834362,
                    -0.996559625580665,
                    -0.08284862408024528,
                    -0.020504684899787462
                ],
                [
                    -0.02693587783264743,
                    0.08287890360353758,
                    -0.9961955359380307,
                    0.003445808065570134
                ]
            ]
        },
        {
            "transform_matrix": [
                [
                    0.9994815740563184,
                    0.0,
                    -0.03219601096261117,
                    -0.007978764603175518
                ],
                [
                    -0.0026084891615272077,
                    -0.9967125557923965,
                    -0.08097701470221562,
                    -0.020001009556075457
                ],
                [
                    -0.03209016837286419,
                    0.08101901706259244,
                    -0.9961958341450805,
                    0.0039434804835654464
                ]
            ]
        },
        {
            "transform_matrix": [
                [
                    0.9993065495859669,
                    0.0,
                    -0.037234660661671984,
                    -0.009207232252680315
                ],
                [
                    -0.002935511833693005,
                    -0.9968874288518547,
                    -0.07878348156442704,
                    -0.01941990479379112
                ],
                [
                    -0.037118765131185484,
                    0.07883815191351307,
                    -0.9961961368515729,
                    0.004440477249290007
                ]
            ]
        },
        {
            "transform_matrix": [
                [
                    0.9991123576738331,
                    0.0,
                    -0.042124775885872656,
                    -0.010393415251100477
                ],
                [
                    -0.0032160077023542116,
                    -0.9970814766637164,
                    -0.07627703578771834,
                    -0.0187640739222935
                ],
                [
                    -0.04200183374441402,
                    0.0763448026659475,
                    -0.9961964249423927,
                    0.004936683554851052
                ]
            ]
        },
        {
            "transform_matrix": [
                [
                    0.9989020796003487,
                    0.0,
                    -0.046846935546509684,
                    -0.01153275864616711
                ],
                [
                    -0.0034455310014379387,
                    -0.9972916270471015,
                    -0.0734679449682863,
                    -0.01803650808636338
                ],
                [
                    -0.046720056573349336,
                    0.07354869558153301,
                    -0.9961966802253651,
                    0.005431984843875668
                ]
            ]
        },
        {
            "transform_matrix": [
                [
                    0.9986790512174314,
                    0.0,
                    -0.05138241585845605,
                    -0.01262094465866179
                ],
                [
                    -0.0036204438615488007,
                    -0.9975145522133846,
                    -0.07036768085404255,
                    -0.01724047001238647
                ],
                [
                    -0.0512547075466897,
                    0.0704607559037725,
                    -0.9961968865800438,
                    0.0059262669869653535
                ]
            ]
        },
        {
            "transform_matrix": [
                [
                    0.9984468098857456,
                    0.0,
                    -0.05571326438989139,
                    -0.01365390850291942
                ],
                [
                    -0.003737973969913451,
                    -0.9977467213197586,
                    -0.06698886210611643,
                    -0.016379476766285976
                ],
                [
                    -0.055587726879034995,
                    0.06709307039979637,
                    -0.996197030975675,
                    0.006419416444763092
                ]
            ]
        },
        {
            "transform_matrix": [
                [
                    0.9982090382547172,
                    0.0,
                    -0.059822369951318885,
                    -0.014627852011736688
                ],
                [
                    -0.003796258511463942,
                    -0.9979844562776354,
                    -0.06334519278956051,
                    -0.015457281703822252
                ],
                [
                    -0.05970179534910653,
                    0.06345884515363048,
                    -0.9961971042940553,
                    0.006911320409732314
                ]
            ]
        },
        {
            "transform_matrix": [
                [
                    0.9979695057860923,
                    0.0,
                    -0.06369352809401221,
                    -0.01553925506937699
                ],
                [
                    -0.003794373694479987,
                    -0.9982239899410816,
                    -0.05945139724492549,
                    -0.014477855790881695
                ],
                [
                    -0.06358040774742925,
                    0.05957235857431948,
                    -0.9961971019053224,
                    0.007401866918937675
                ]
            ]
        },
        {
            "transform_matrix": [
                [
                    0.9977320089546686,
                    0.0,
                    -0.06731150204297176,
                    -0.01638488490258163
                ],
                [
                    -0.003732349392721863,
                    -0.9984615257598496,
                    -0.0553231519829076,
                    -0.01344536846408827
                ],
                [
                    -0.06720794503101282,
                    0.05544890961338414,
                    -0.9961970239603184,
                    0.007890944931827518
                ]
            ]
        },
        {
            "transform_matrix": [
                [
                    0.9975003110774403,
                    0.0,
                    -0.07066207894202987,
                    -0.017161803322218613
                ],
                [
                    -0.003611168671929967,
                    -0.9986932979549975,
                    -0.050977015218564306,
                    -0.012364168190966803
                ],
                [
                    -0.0705697446589722,
                    0.05110476122408621,
                    -0.9961968753810648,
                    0.008378444369148924
                ]
            ]
        },
        {
            "transform_matrix": [
                [
                    0.9972780827247092,
                    0.0,
                    -0.07373212133750155,
                    -0.01786737204606331
                ],
                [
                    -0.003432752208197539,
                    -0.9989156312632432,
                    -0.04643035462101974,
                    -0.011238762874560656
                ],
                [
                    -0.0736521685302284,
                    0.04655707913901531,
                    -0.9961966655499498,
                    0.008864256111555086
                ]
            ]
        },
        {
            "transform_matrix": [
                [
                    0.9970688436539332,
                    0.0,
                    -0.07650961387046912,
                    -0.018499256265032963
                ],
                [
                    -0.0031999278452343426,
                    -0.9991249992994654,
                    -0.04170127380103409,
                    -0.01007380023054283
                ],
                [
                    -0.07644266790473482,
                    0.04182386609154537,
                    -0.9961964077172548,
                    0.009348271959041116
                ]
            ]
        },
        {
            "transform_matrix": [
                [
                    0.9968759071796196,
                    0.0,
                    -0.07898370518537536,
                    -0.01905542664003962
                ],
                [
                    -0.002916385773127651,
                    -0.9993180806053299,
                    -0.03680853799462772,
                    -0.008874048246197754
                ],
                [
                    -0.07892984466494654,
                    0.03692389165946155,
                    -0.9961961181644344,
                    0.009830384554899539
                ]
            ]
        },
        {
            "transform_matrix": [
                [
                    0.9967023278510723,
                    0.0,
                    -0.08114474509328001,
                    -0.019534159933786977
                ],
                [
                    -0.002586620039132024,
                    -0.9994918114858029,
                    -0.031771499328828674,
                    -0.007644375810951872
                ],
                [
                    -0.08110350826583616,
                    0.031876617964090866,
                    -0.9961958151759849,
                    0.010310487280251005
                ]
            ]
        },
        {
            "transform_matrix": [
                [
                    0.9965508532551234,
                    0.0,
                    -0.08298431705138906,
                    -0.01993403849089943
                ],
                [
                    -0.002215857317664556,
                    -0.9996434347839487,
                    -0.026610021978523465,
                    -0.0063897335881477595
                ],
                [
                    -0.08295472773045076,
                    0.026702121514024863,
                    -0.9961955178848263,
                    0.010788474127215704
                ]
            ]
        },
        {
            "transform_matrix": [
                [
                    0.9964238806941031,
                    0.0,
                    -0.084495266036055,
                    -0.02025394878060632
                ],
                [
                    -0.0018099740686115843,
                    -0.9997705438072859,
                    -0.021344407444460582,
                    -0.005115135178205095
                ],
                [
                    -0.08447587807400801,
                    0.021421011537371214,
                    -0.9961952450641097,
                    0.011264239560300924
                ]
            ]
        },
        {
            "transform_matrix": [
                [
                    0.9963234194114093,
                    0.0,
                    -0.08567172189443004,
                    -0.02049307920897338
                ],
                [
                    -0.0013754033970672333,
                    -0.9998711206951817,
                    -0.01599532010486167,
                    -0.0038256386048511146
                ],
                [
                    -0.0856606805824697,
                    0.016054345198782044,
                    -0.9961950139417414,
                    0.011737678376479205
                ]
            ]
        },
        {
            "transform_matrix": [
                [
                    0.9962510589493799,
                    0.0,
                    -0.08650911826067155,
                    -0.020650917392819136
                ],
                [
                    -0.0009190330908105097,
                    -0.9999435686051354,
                    -0.010583713119935162,
                    -0.0025263281393150374
                ],
                [
                    -0.0865042364304596,
                    0.01062354014569025,
                    -0.9961948391124882,
                    0.01220868557464145
                ]
            ]
        },
        {
            "transform_matrix": [
                [
                    0.996207944128132,
                    0.0,
                    -0.08700420711666956,
                    -0.02072724706568404
                ],
                [
                    -0.0004480964516057209,
                    -0.999986737194924,
                    -0.005130754702777112,
                    -0.0012222964627595938
                ],
                [
                    -0.08700305319682979,
                    0.005150284870763082,
                    -0.9961947316163539,
                    0.012677156244608611
                ]
            ]
        },
        {
            "transform_matrix": [
                [
                    0.9961947570310636,
                    0.0,
                    -0.08715506906554456,
                    -0.02072214475847702
                ],
                [
                    2.9942349427492247e-05,
                    -0.9999999409858084,
                    0.00034224528570366377,
                    8.13728448332502e-05
                ],
                [
                    -0.0871550639221586,
                    -0.00034355258676892615,
                    -0.9961946982414354,
                    0.013142985484696721
                ]
            ]
        },
        {
            "transform_matrix": [
                [
                    0.9962117062743056,
                    0.0,
                    -0.08696111936973032,
                    -0.02063597636485541
                ],
                [
                    0.0005075065753850732,
                    -0.9999829703074871,
                    0.0058139085038707355,
                    0.0013796225102966804
                ],
                [
                    -0.08695963844860687,
                    -0.005836017050646746,
                    -0.99619474109527,
                    0.013606068355016323
                ]
            ]
        },
        {
            "transform_matrix": [
                [
                    0.9962585237251395,
                    0.0,
                    -0.08642310978555268,
                    -0.02046939366530537
                ],
                [
                    0.0009770270111441601,
                    -0.9999360946462476,
                    0.01126286117425486,
                    0.002667438494533905
                ],
                [
                    -0.08641758688614945,
                    -0.0113051591590319,
                    -0.996194857471752,
                    0.014066299871384963
                ]
            ]
        },
        {
            "transform_matrix": [
                [
                    0.9963344687198215,
                    0.0,
                    -0.08554312620421835,
                    -0.020223330845706648
                ],
                [
                    0.0014310619317201832,
                    -0.9998600583416664,
                    0.016667807136738468,
                    0.003939866671450887
                ],
                [
                    -0.08553115515727829,
                    -0.016729128279737968,
                    -0.9961950400220139,
                    0.014523575042072013
                ]
            ]
        },
        {
            "transform_matrix": [
                [
                    0.9964383397159804,
                    0.0,
                    -0.08432458208648427,
                    -0.019899001007374524
                ],
                [
                    0.0018624150501004087,
                    -0.9997560687020943,
                    0.022007601039525985,
                    0.005192029288402436
                ],
                [
                    -0.08430401268173056,
                    -0.02208626481172826,
                    -0.9961952772184905,
                    0.014977788946777993
                ]
            ]
        },
        {
            "transform_matrix": [
                [
                    0.9965684932003795,
                    0.0,
                    -0.0827722076564656,
                    -0.01949789262767995
                ],
                [
                    0.002264249575242315,
                    -0.9996257767327862,
                    0.02726132178078462,
                    0.0064191412346654856
                ],
                [
                    -0.0827412323704819,
                    -0.027355191305755238,
                    -0.9961955540828518,
                    0.015428836854453835
                ]
            ]
        },
        {
            "transform_matrix": [
                [
                    0.9967228695609603,
                    0.0,
                    -0.0808920348004963,
                    -0.019021765894821047
                ],
                [
                    0.002630196572539762,
                    -0.9994712507907565,
                    0.032408346282261524,
                    0.0076165261381979914
                ],
                [
                    -0.08084926320106144,
                    -0.03251490185685903,
                    -0.9961958531318451,
                    0.015876614373991304
                ]
            ]
        },
        {
            "transform_matrix": [
                [
                    0.9968990255242751,
                    0.0,
                    -0.07869137760104715,
                    -0.018472648808537398
                ],
                [
                    0.002954455909314317,
                    -0.9992949435951266,
                    0.037428423630884375,
                    0.008779632302000155
                ],
                [
                    -0.07863589574126122,
                    -0.03754484925010389,
                    -0.9961961554813172,
                    0.01632101762963089
                ]
            ]
        },
        {
            "transform_matrix": [
                [
                    0.9970941726572269,
                    0.0,
                    -0.0761788084246541,
                    -0.017852832911766408
                ],
                [
                    0.003231888185359797,
                    -0.9990996531289147,
                    0.04230174956712872,
                    0.009904048480092974
                ],
                [
                    -0.07611022107284596,
                    -0.042425029377511844,
                    -0.9961964420386975,
                    0.016761943451288785
                ]
            ]
        },
        {
            "transform_matrix": [
                [
                    0.9973052213369705,
                    0.0,
                    -0.07336412947766828,
                    -0.017164868497506154
                ],
                [
                    0.003458096191400956,
                    -0.9988884780660822,
                    0.04700904123205685,
                    0.010985519479868444
                ],
                [
                    -0.07328258363859107,
                    -0.04713606248750741,
                    -0.9961966947086437,
                    0.017199289569013704
                ]
            ]
        },
        {
            "transform_matrix": [
                [
                    0.9975288295063169,
                    0.0,
                    -0.07025833974523693,
                    -0.016411559121322583
                ],
                [
                    0.003629494604265453,
                    -0.9986647684445766,
                    0.05153161201105466,
                    0.012019961562816022
                ],
                [
                    -0.07016452859297743,
                    -0.05165927087697101,
                    -0.9961968975357156,
                    0.01763295480049931
                ]
            ]
        },
        {
            "transform_matrix": [
                [
                    0.9977614554553961,
                    0.0,
                    -0.06687359723784524,
                    -0.015595955243625469
                ],
                [
                    0.003743366813987559,
                    -0.9984320723807036,
                    0.055851446234358455,
                    0.013003477599923204
                ],
                [
                    -0.06676874427773431,
                    -0.05597675268871442,
                    -0.9961970377119183,
                    0.018062839221023187
                ]
            ]
        },
        {
            "transform_matrix": [
                [
                    0.9979994138049291,
                    0.0,
                    -0.06322317648630017,
                    -0.014721346827374674
                ],
                [
                    0.0037979079820112606,
                    -0.9981940796813059,
                    0.05995127341559027,
                    0.013932371921968069
                ],
                [
                    -0.06310900046727118,
                    -0.060071451532243546,
                    -0.996197106385494,
                    0.018488844306320064
                ]
            ]
        },
        {
            "transform_matrix": [
                [
                    0.9982389338133691,
                    0.0,
                    -0.05932142125023744,
                    -0.013791254726320248
                ],
                [
                    0.003792253647907631,
                    -0.9979545632570336,
                    0.06381464163288268,
                    0.014803164789091959
                ],
                [
                    -0.059200083035567216,
                    -0.06392722170142631,
                    -0.9961970992198876,
                    0.01891087304063837
                ]
            ]
        },
        {
            "transform_matrix": [
                [
                    0.9984762190903894,
                    0.0,
                    -0.05518369243681214,
                    -0.012809420715996814
                ],
                [
                    0.0037264934311054486,
                    -0.9977173192718826,
                    0.06742598958588798,
                    0.015612606389105367
                ],
                [
                    -0.05505772568558027,
                    -0.06752888881751533,
                    -0.9961970166675882,
                    0.019328829984464484
                ]
            ]
        },
        {
            "transform_matrix": [
                [
                    0.9987075077735378,
                    0.0,
                    -0.05082631126463091,
                    -0.011779796043974403
                ],
                [
                    0.0036016696104192282,
                    -0.9974861069808327,
                    0.07077071679896967,
                    0.01635769026058649
                ],
                [
                    -0.050698539355552734,
                    -0.07086230577833735,
                    -0.9961968639415559,
                    0.019742621298971513
                ]
            ]
        },
        {
            "transform_matrix": [
                [
                    0.9989291322139574,
                    0.0,
                    -0.04626649775237092,
                    -0.010706528406541089
                ],
                [
                    0.003419760603893745,
                    -0.9972645892087817,
                    0.07383525138883026,
                    0.017035666025604992
                ],
                [
                    -0.04613993987514721,
                    -0.0739144039429373,
                    -0.996196650686037,
                    0.02015215472699065
                ]
            ]
        },
        {
            "transform_matrix": [
                [
                    0.9991375772213019,
                    0.0,
                    -0.0415223046608358,
                    -0.009593947295046203
                ],
                [
                    0.0031836496108613417,
                    -0.9970562744102505,
                    0.07660711477602056,
                    0.01764405130841977
                ],
                [
                    -0.04140007439006032,
                    -0.0766732395243029,
                    -0.9961963903675553,
                    0.020557339533042663
                ]
            ]
        },
        {
            "transform_matrix": [
                [
                    0.9993295359374891,
                    0.0,
                    -0.03661254707013723,
                    -0.008446547695351263
                ],
                [
                    0.0028970789133264192,
                    -0.9968644612209786,
                    0.07907498269603247,
                    0.018180642711262865
                ],
                [
                    -0.03649774700900007,
                    -0.07912803519997115,
                    -0.9961960994245356,
                    0.020958086407524286
                ]
            ]
        },
        {
            "transform_matrix": [
                [
                    0.9995019624436654,
                    0.0,
                    -0.03155672782881623,
                    -0.007268972166842639
                ],
                [
                    0.002564590561116124,
                    -0.9966921863701795,
                    0.08122874185831652,
                    0.018643525716733847
                ],
                [
                    -0.03145234405439154,
                    -0.08126921698054675,
                    -0.9961957962292619,
                    0.02135430734237255
                ]
            ]
        },
        {
            "transform_matrix": [
                [
                    0.9996521202542988,
                    0.0,
                    -0.026374959167463668,
                    -0.006065991371764854
                ],
                [
                    0.002191454381060051,
                    -0.9965421767667488,
                    0.0830595416113366,
                    0.019031083388669396
                ],
                [
                    -0.02628375922087836,
                    -0.08308844639894056,
                    -0.9961954999277147,
                    0.021745915487283173
                ]
            ]
        },
        {
            "transform_matrix": [
                [
                    0.999777625916057,
                    0.0,
                    -0.021087880824137692,
                    -0.00484248316968587
                ],
                [
                    0.0017835844513625265,
                    -0.9964168065051254,
                    0.08455983999885566,
                    0.01934200374975549
                ],
                [
                    -0.021012318866747953,
                    -0.08457864809824765,
                    -0.9961952292305535,
                    0.022132824996751968
                ]
            ]
        },
        {
            "transform_matrix": [
                [
                    0.9998764870061324,
                    0.0,
                    -0.0157165750809742,
                    -0.0036034104341514314
                ],
                [
                    0.0013474453651256763,
                    -0.9963180594579562,
                    0.08572344363661735,
                    0.019575285724591683
                ],
                [
                    -0.015658707586001484,
                    -0.08573403290369763,
                    -0.9961950012315881,
                    0.02251495087875346
                ]
            ]
        },
        {
            "transform_matrix": [
                [
                    0.9999471339137583,
                    0.0,
                    -0.010282479159261643,
                    -0.002353797787520783
                ],
                [
                    0.0008899497687768076,
                    -0.9962474980344992,
                    0.08654554089847358,
                    0.01973024355121099
                ],
                [
                    -0.010243894136006293,
                    -0.08655011646439481,
                    -0.9961948303283501,
                    0.02289220885576182
                ]
            ]
        },
        {
            "transform_matrix": [
                [
                    0.9999884448884081,
                    0.0,
                    -0.0048072954624331955,
                    -0.0010987074842067155
                ],
                [
                    0.00041834879939123693,
                    -0.9962062385871815,
                    0.08702272797529119,
                    0.01980650958185272
                ],
                [
                    -0.004789057730407799,
                    -0.08702373354424343,
                    -0.996194727312926,
                    0.02326451524805113
                ]
            ]
        },
        {
            "transform_matrix": [
                [
                    0.9999997639468988,
                    0.0,
                    0.0006870998083945004,
                    0.0001567852991681241
                ],
                [
                    -5.988284260200139e-05,
                    -0.9961949338453714,
                    0.0871530274566585,
                    0.01980403541457587
                ],
                [
                    0.0006844853481687267,
                    -0.08715304802940577,
                    -0.9961946986904678,
                    0.023631786887840386
                ]
            ]
        },
        {
            "transform_matrix": [
                [
                    0.999980911347501,
                    0.0,
                    0.006178749114638171,
                    0.0014076174868702385
                ],
                [
                    -0.0005371653638646681,
                    -0.9962137626467377,
                    0.08693589918210472,
                    0.019723091320445887
                ],
                [
                    0.006155354903943892,
                    -0.0869375587029519,
                    -0.9961947462684078,
                    0.023993941070955465
                ]
            ]
        },
        {
            "transform_matrix": [
                [
                    0.9999321864601795,
                    0.0,
                    0.011645706546413922,
                    0.0026487631470246114
                ],
                [
                    -0.0010059340141546386,
                    -0.9962624271240982,
                    0.08637224321250397,
                    0.019564263955777178
                ],
                [
                    0.011602179869505333,
                    -0.08637810081728337,
                    -0.9961948670423247,
                    0.02435089555037877
                ]
            ]
        },
        {
            "transform_matrix": [
                [
                    0.9998543629861179,
                    0.0,
                    0.01706613071627086,
                    0.003875258255786912
                ],
                [
                    -0.0014587589839216001,
                    -0.9963401573909989,
                    0.08546439488059404,
                    0.019328452374442393
                ],
                [
                    0.017003671363904672,
                    -0.08547684347283349,
                    -0.9961950533856656,
                    0.02470256857347677
                ]
            ]
        },
        {
            "transform_matrix": [
                [
                    0.9997486766045437,
                    0.0,
                    0.02241837700334041,
                    0.005082224887263982
                ],
                [
                    -0.001888463163298826,
                    -0.9964457236539985,
                    0.0842161119889774,
                    0.019016862380696206
                ],
                [
                    0.022338695896241694,
                    -0.08423728278891192,
                    -0.9961952935313418,
                    0.025048878961993138
                ]
            ]
        },
        {
            "transform_matrix": [
                [
                    0.999616805248356,
                    0.0,
                    0.0276810885817463,
                    0.006264894545356737
                ],
                [
                    -0.0022882358961706572,
                    -0.9965774555653685,
                    0.08263255433144602,
                    0.018630999287440025
                ],
                [
                    0.0275863488260763,
                    -0.08266423083084909,
                    -0.9961955723147892,
                    0.02538974623123023
                ]
            ]
        },
        {
            "transform_matrix": [
                [
                    0.999460842329984,
                    0.0,
                    0.03283328568753231,
                    0.00741863037336554
                ],
                [
                    -0.002651740926432924,
                    -0.9967332685182518,
                    0.08072025581588191,
                    0.018172659167542713
                ],
                [
                    0.03272602815952762,
                    -0.08076380023824,
                    -0.9961958721315701,
                    0.02572509074236512
                ]
            ]
        },
        {
            "transform_matrix": [
                [
                    0.999283263353181,
                    0.0,
                    0.03785445260755249,
                    0.008538948004240533
                ],
                [
                    -0.002973216825565424,
                    -0.9969106964788196,
                    0.07848708956142267,
                    0.01764391870598043
                ],
                [
                    0.037737508713819624,
                    -0.07854338448344715,
                    -0.9961961740490474,
                    0.026054833879719623
                ]
            ]
        },
        {
            "transform_matrix": [
                [
                    0.9990868864531146,
                    0.0,
                    0.04272462191080698,
                    0.009621534847856153
                ],
                [
                    -0.0032475683097500005,
                    -0.9971069308481804,
                    0.07594222642637888,
                    0.017047123777521773
                ],
                [
                    0.04260101662513367,
                    -0.07601163367881189,
                    -0.9961964590019295,
                    0.026378898243152926
                ]
            ]
        },
        {
            "transform_matrix": [
                [
                    0.9988748275043349,
                    0.0,
                    0.0474244554864423,
                    0.010662267650495258
                ],
                [
                    -0.003470446999114796,
                    -0.9973188647522218,
                    0.0730960874942411,
                    0.016384876887960066
                ],
                [
                    0.04729730410723091,
                    -0.0731784258462794,
                    -0.9961967089961946,
                    0.026697207844679646
                ]
            ]
        },
        {
            "transform_matrix": [
                [
                    0.9986504505223932,
                    0.0,
                    0.05193532200170931,
                    0.01165722820451631
                ],
                [
                    -0.0036383203389841025,
                    -0.9975431420716369,
                    0.06996029110114454,
                    0.015660023626135913
