{
    "camera_angle_x": 0.8279103882874479,
    "frames": [
        {
            "transform_matrix": [
                [
                    0.5000000000000001,
                    0.0,
                    0.8660254037844386,
                    -0.0
                ],
                [
                    0.3314135740355918,
                    -0.9238795325112867,
                    -0.19134171618254495,
                    -0.0
                ],
                [
                    0.8001031451912655,
                    0.3826834323650898,
                    -0.4619397662556435,
                    -0.0
                ]
            ]
        },
        {
            "transform_matrix": [
                [
                    0.5150380749100544,
                    0.0,
                    0.8571673007021122,
                    -0.0
                ],
                [
                    0.3280237247438033,
                    -0.9238795325112867,
                    -0.19709653830528784,
                    -0.0
                ],
                [
                    0.791919325056629,
                    0.3826834323650898,
                    -0.47583313587341414,
                    -0.0
                ]
            ]
        },
        {
            "transform_matrix": [
                [
                    0.5299192642332049,
                    0.0,
                    0.848048096156426,
                    -0.0
                ],
                [
                    0.3245339562478208,
                    -0.9238795325112867,
                    -0.2027913229131458,
                    -0.0
                ],
                [
                    0.7834942786240856,
                    0.3826834323650898,
                    -0.4895815621084984,
                    -0.0
                ]
            ]
        },
        {
            "transform_matrix": [
                [
                    0.5446390350150272,
                    0.0,
                    0.8386705679454239,
                    -0.0
                ],
                [
                    0.3209453315649341,
                    -0.9238795325112867,
                    -0.20842433531956092,
                    -0.0
                ],
                [
                    0.7748305722443936,
                    0.3826834323650898,
                    -0.5031808570570816,
                    -0.0
                ]
            ]
        },
        {
            "transform_matrix": [
                [
                    0.5591929034707468,
                    0.0,
                    0.8290375725550417,
                    -0.0
                ],
                [
                    0.31725894382498554,
                    -0.9238795325112867,
                    -0.21399385965438572,
                    -0.0
                ],
                [
                    0.7659308449664439,
                    0.3826834323650898,
                    -0.5166268782421827,
                    -0.0
                ]
            ]
        },
        {
            "transform_matrix": [
                [
                    0.5735764363510462,
                    0.0,
                    0.8191520442889918,
                    -0.0
                ],
                [
                    0.31347591593739144,
                    -0.9238795325112867,
                    -0.2194981993865548,
                    -0.0
                ],
                [
                    0.7567978077333786,
                    0.3826834323650898,
                    -0.5299155298754943,
                    -0.0
                ]
            ]
        },
        {
            "transform_matrix": [
                [
                    0.5877852522924731,
                    0.0,
                    0.8090169943749475,
                    -0.0
                ],
                [
                    0.30959740024909344,
                    -0.9238795325112867,
                    -0.22493567784086388,
                    -0.0
                ],
                [
                    0.7474342425568128,
                    0.3826834323650898,
                    -0.5430427641049989,
                    -0.0
                ]
            ]
        },
        {
            "transform_matrix": [
                [
                    0.6018150231520484,
                    0.0,
                    0.7986355100472928,
                    -0.0
                ],
                [
                    0.30562457819354216,
                    -0.9238795325112867,
                    -0.23030463870870185,
                    -0.0
                ],
                [
                    0.737843001669406,
                    0.3826834323650898,
                    -0.5560045822479837,
                    -0.0
                ]
            ]
        },
        {
            "transform_matrix": [
                [
                    0.6156614753256583,
                    0.0,
                    0.7880107536067219,
                    -0.0
                ],
                [
                    0.30155865993082137,
                    -0.9238795325112867,
                    -0.23560344655257795,
                    -0.0
                ],
                [
                    0.728027006656045,
                    0.3826834323650898,
                    -0.5687970360090783,
                    -0.0
                ]
            ]
        },
        {
            "transform_matrix": [
                [
                    0.6293203910498375,
                    0.0,
                    0.7771459614569708,
                    -0.0
                ],
                [
                    0.29740088397902137,
                    -0.9238795325112867,
                    -0.24083048730429235,
                    -0.0
                ],
                [
                    0.7179892475639006,
                    0.3826834323650898,
                    -0.5814162286829441,
                    -0.0
                ]
            ]
        },
        {
            "transform_matrix": [
                [
                    0.6427876096865394,
                    0.0,
                    0.766044443118978,
                    -0.0
                ],
                [
                    0.2931525168369743,
                    -0.9238795325112867,
                    -0.2459841687565965,
                    -0.0
                ],
                [
                    0.7077327819916304,
                    0.3826834323650898,
                    -0.5938583163412474,
                    -0.0
                ]
            ]
        },
        {
            "transform_matrix": [
                [
                    0.6560590289905074,
                    0.0,
                    0.7547095802227719,
                    -0.0
                ],
                [
                    0.28881485259846645,
                    -0.9238795325112867,
                    -0.25106292104819533,
                    -0.0
                ],
                [
                    0.6972607341580039,
                    0.3826834323650898,
                    -0.6061195090035587,
                    -0.0
                ]
            ]
        },
        {
            "transform_matrix": [
                [
                    0.6691306063588582,
                    0.0,
                    0.7431448254773941,
                    -0.0
                ],
                [
                    0.28438921255804483,
                    -0.9238795325112867,
                    -0.25606519714194165,
                    -0.0
                ],
                [
                    0.6865762939502367,
                    0.3826834323650898,
                    -0.6181960717918158,
                    -0.0
                ]
            ]
        },
        {
            "transform_matrix": [
                [
                    0.6819983600624985,
                    0.0,
                    0.7313537016191705,
                    -0.0
                ],
                [
                    0.27987694480853786,
                    -0.9238795325112867,
                    -0.2609894732960793,
                    -0.0
                ],
                [
                    0.6756827159523183,
                    0.3826834323650898,
                    -0.6300843260680054,
                    -0.0
                ]
            ]
        },
        {
            "transform_matrix": [
                [
                    0.6946583704589974,
                    0.0,
                    0.7193398003386511,
                    -0.0
                ],
                [
                    0.2752794238304134,
                    -0.9238795325112867,
                    -0.2658342495283892,
                    -0.0
                ],
                [
                    0.6645833184536353,
                    0.3826834323650898,
                    -0.6417806505547107,
                    -0.0
                ]
            ]
        },
        {
            "transform_matrix": [
                [
                    0.7071067811865476,
                    0.0,
                    0.7071067811865475,
                    -0.0
                ],
                [
                    0.27059805007309845,
                    -0.9238795325112867,
                    -0.2705980500730985,
                    -0.0
                ],
                [
                    0.6532814824381882,
                    0.3826834323650898,
                    -0.6532814824381883,
                    -0.0
                ]
            ]
        },
        {
            "transform_matrix": [
                [
                    0.7193398003386512,
                    0.0,
                    0.6946583704589973,
                    -0.0
                ],
                [
                    0.26583424952838913,
                    -0.9238795325112867,
                    -0.27527942383041343,
                    -0.0
                ],
                [
                    0.6417806505547107,
                    0.3826834323650898,
                    -0.6645833184536354,
                    -0.0
                ]
            ]
        },
        {
            "transform_matrix": [
                [
                    0.7313537016191705,
                    0.0,
                    0.6819983600624985,
                    -0.0
                ],
                [
                    0.2609894732960793,
                    -0.9238795325112867,
                    -0.27987694480853786,
                    -0.0
                ],
                [
                    0.6300843260680054,
                    0.3826834323650898,
                    -0.6756827159523183,
                    -0.0
                ]
            ]
        },
        {
            "transform_matrix": [
                [
                    0.7431448254773942,
                    0.0,
                    0.6691306063588582,
                    -0.0
                ],
                [
                    0.25606519714194165,
                    -0.9238795325112867,
                    -0.28438921255804483,
                    -0.0
                ],
                [
                    0.6181960717918158,
                    0.3826834323650898,
                    -0.6865762939502368,
                    -0.0
                ]
            ]
        },
        {
            "transform_matrix": [
                [
                    0.754709580222772,
                    0.0,
                    0.6560590289905073,
                    -0.0
                ],
                [
                    0.2510629210481953,
                    -0.9238795325112867,
                    -0.28881485259846645,
                    -0.0
                ],
                [
                    0.6061195090035586,
                    0.3826834323650898,
                    -0.697260734158004,
                    -0.0
                ]
            ]
        },
        {
            "transform_matrix": [
                [
                    0.766044443118978,
                    0.0,
                    0.6427876096865393,
                    -0.0
                ],
                [
                    0.24598416875659648,
                    -0.9238795325112867,
                    -0.2931525168369743,
                    -0.0
                ],
                [
                    0.5938583163412473,
                    0.3826834323650898,
                    -0.7077327819916304,
                    -0.0
                ]
            ]
        },
        {
            "transform_matrix": [
                [
                    0.7771459614569709,
                    0.0,
                    0.6293203910498375,
                    -0.0
                ],
                [
                    0.24083048730429235,
                    -0.9238795325112867,
                    -0.29740088397902137,
                    -0.0
                ],
                [
                    0.5814162286829441,
                    0.3826834323650898,
                    -0.7179892475639007,
                    -0.0
                ]
            ]
        },
        {
            "transform_matrix": [
                [
                    0.7880107536067219,
                    0.0,
                    0.6156614753256583,
                    -0.0
                ],
                [
                    0.23560344655257795,
                    -0.9238795325112867,
                    -0.30155865993082137,
                    -0.0
                ],
                [
                    0.5687970360090783,
                    0.3826834323650898,
                    -0.728027006656045,
                    -0.0
                ]
            ]
        },
        {
            "transform_matrix": [
                [
                    0.7986355100472928,
                    0.0,
                    0.6018150231520483,
                    -0.0
                ],
                [
                    0.2303046387087018,
                    -0.9238795325112867,
                    -0.30562457819354216,
                    -0.0
                ],
                [
                    0.5560045822479835,
                    0.3826834323650898,
                    -0.737843001669406,
                    -0.0
                ]
            ]
        },
        {
            "transform_matrix": [
                [
                    0.8090169943749475,
                    0.0,
                    0.5877852522924731,
                    -0.0
                ],
                [
                    0.22493567784086388,
                    -0.9238795325112867,
                    -0.30959740024909344,
                    -0.0
                ],
                [
                    0.5430427641049989,
                    0.3826834323650898,
                    -0.7474342425568128,
                    -0.0
                ]
            ]
        },
        {
            "transform_matrix": [
                [
                    0.8191520442889918,
                    0.0,
                    0.573576436351046,
                    -0.0
                ],
                [
                    0.21949819938655477,
                    -0.9238795325112867,
                    -0.31347591593739144,
                    -0.0
                ],
                [
                    0.5299155298754943,
                    0.3826834323650898,
                    -0.7567978077333786,
                    -0.0
                ]
            ]
        },
        {
            "transform_matrix": [
                [
                    0.8290375725550417,
                    0.0,
                    0.5591929034707468,
                    -0.0
                ],
                [
                    0.21399385965438572,
                    -0.9238795325112867,
                    -0.31725894382498554,
                    -0.0
                ],
                [
                    0.5166268782421827,
                    0.3826834323650898,
                    -0.7659308449664439,
                    -0.0
                ]
            ]
        },
        {
            "transform_matrix": [
                [
                    0.838670567945424,
                    0.0,
                    0.544639035015027,
                    -0.0
                ],
                [
                    0.20842433531956084,
                    -0.9238795325112867,
                    -0.3209453315649341,
                    -0.0
                ],
                [
                    0.5031808570570815,
                    0.3826834323650898,
                    -0.7748305722443937,
                    -0.0
                ]
            ]
        },
        {
            "transform_matrix": [
                [
                    0.848048096156426,
                    0.0,
                    0.5299192642332049,
                    -0.0
                ],
                [
                    0.2027913229131458,
                    -0.9238795325112867,
                    -0.3245339562478208,
                    -0.0
                ],
                [
                    0.4895815621084984,
                    0.3826834323650898,
                    -0.7834942786240856,
                    -0.0
                ]
            ]
        },
        {
            "transform_matrix": [
                [
                    0.8571673007021123,
                    0.0,
                    0.5150380749100542,
                    -0.0
                ],
                [
                    0.19709653830528776,
                    -0.9238795325112867,
                    -0.32802372474380337,
                    -0.0
                ],
                [
                    0.4758331358734139,
                    0.3826834323650898,
                    -0.7919193250566291,
                    -0.0
                ]
            ]
        },
        {
            "transform_matrix": [
                [
                    0.8660254037844387,
                    0.0,
                    0.49999999999999994,
                    -0.0
                ],
                [
                    0.19134171618254486,
                    -0.9238795325112867,
                    -0.3314135740355918,
                    -0.0
                ],
                [
                    0.4619397662556433,
                    0.3826834323650898,
                    -0.8001031451912656,
                    -0.0
                ]
            ]
        },
        {
            "transform_matrix": [
                [
                    0.8746197071393957,
                    0.0,
                    0.48480962024633706,
                    -0.0
                ],
                [
                    0.185528609519484,
                    -0.9238795325112867,
                    -0.3347024715422536,
                    -0.0
                ],
                [
                    0.44790568531016034,
                    0.3826834323650898,
                    -0.8080432461571034,
                    -0.0
                ]
            ]
        },
        {
            "transform_matrix": [
                [
                    0.882947592858927,
                    0.0,
                    0.4694715627858908,
                    -0.0
                ],
                [
                    0.17965898904470745,
                    -0.9238795325112867,
                    -0.337889415433748,
                    -0.0
                ],
                [
                    0.433735167953972,
                    0.3826834323650898,
                    -0.8157372093224714,
                    -0.0
                ]
            ]
        },
        {
            "transform_matrix": [
                [
                    0.8910065241883679,
                    0.0,
                    0.45399049973954675,
                    -0.0
                ],
                [
                    0.17373464270147215,
                    -0.9238795325112867,
                    -0.340973434936093,
                    -0.0
                ],
                [
                    0.4194325306639379,
                    0.3826834323650898,
                    -0.8231826910316559,
                    -0.0
                ]
            ]
        },
        {
            "transform_matrix": [
                [
                    0.898794046299167,
                    0.0,
                    0.4383711467890774,
                    -0.0
                ],
                [
                    0.16775737510306474,
                    -0.9238795325112867,
                    -0.34395359062707265,
                    -0.0
                ],
                [
                    0.4050021301619295,
                    0.3826834323650898,
                    -0.8303774233188023,
                    -0.0
                ]
            ]
        },
        {
            "transform_matrix": [
                [
                    0.9063077870366499,
                    0.0,
                    0.42261826174069944,
                    -0.0
                ],
                [
                    0.16172900698309878,
                    -0.9238795325112867,
                    -0.34682897472239405,
                    -0.0
                ],
                [
                    0.39044836208773004,
                    0.3826834323650898,
                    -0.8373192145987589,
                    -0.0
                ]
            ]
        },
        {
            "transform_matrix": [
                [
                    0.9135454576426009,
                    0.0,
                    0.40673664307580015,
                    -0.0
                ],
                [
                    0.15565137464090162,
                    -0.9238795325112867,
                    -0.3495987113522072,
                    -0.0
                ],
                [
                    0.37577565966008036,
                    0.3826834323650898,
                    -0.8440059503346556,
                    -0.0
                ]
            ]
        },
        {
            "transform_matrix": [
                [
                    0.9205048534524404,
                    0.0,
                    0.3907311284892737,
                    -0.0
                ],
                [
                    0.14952632938216018,
                    -0.9238795325112867,
                    -0.35226195682790384,
                    -0.0
                ],
                [
                    0.3609884923262777,
                    0.3826834323650898,
                    -0.8504355936820112,
                    -0.0
                ]
            ]
        },
        {
            "transform_matrix": [
                [
                    0.9271838545667874,
                    0.0,
                    0.374606593415912,
                    -0.0
                ],
                [
                    0.14335573695499484,
                    -0.9238795325112867,
                    -0.35481789989911244,
                    -0.0
                ],
                [
                    0.34609136440073845,
                    0.3826834323650898,
                    -0.8566061861091764,
                    -0.0
                ]
            ]
        },
        {
            "transform_matrix": [
                [
                    0.9335804264972017,
                    0.0,
                    0.35836794954530027,
                    -0.0
                ],
                [
                    0.1371414769816348,
                    -0.9238795325112867,
                    -0.35726576200081356,
                    -0.0
                ],
                [
                    0.3310888136929404,
                    0.3826834323650898,
                    -0.8625158479939224,
                    -0.0
                ]
            ]
        },
        {
            "transform_matrix": [
                [
                    0.9396926207859084,
                    0.0,
                    0.3420201433256687,
                    -0.0
                ],
                [
                    0.13088544238586686,
                    -0.9238795325112867,
                    -0.3596047974904982,
                    -0.0
                ],
                [
                    0.3159854101251621,
                    0.3826834323650898,
                    -0.8681627791959909,
                    -0.0
                ]
            ]
        },
        {
            "transform_matrix": [
                [
                    0.9455185755993168,
                    0.0,
                    0.3255681544571567,
                    -0.0
                ],
                [
                    0.12458953881643244,
                    -0.9238795325112867,
                    -0.3618342938752972,
                    -0.0
                ],
                [
                    0.3007857543404403,
                    0.3826834323650898,
                    -0.8735452596054346,
                    -0.0
                ]
            ]
        },
        {
            "transform_matrix": [
                [
                    0.9510565162951535,
                    0.0,
                    0.3090169943749474,
                    -0.0
                ],
                [
                    0.11825568406654852,
                    -0.9238795325112867,
                    -0.3639535720290143,
                    -0.0
                ],
                [
                    0.2854944763011693,
                    0.3826834323650898,
                    -0.8786616496665794,
                    -0.0
                ]
            ]
        },
        {
            "transform_matrix": [
                [
                    0.9563047559630355,
                    0.0,
                    0.2923717047227367,
                    -0.0
                ],
                [
                    0.11188580748972941,
                    -0.9238795325112867,
                    -0.365961986398994,
                    -0.0
                ],
                [
                    0.27011623387877,
                    0.3826834323650898,
                    -0.8835103908774494,
                    -0.0
                ]
            ]
        },
        {
            "transform_matrix": [
                [
                    0.9612616959383189,
                    0.0,
                    0.27563735581699916,
                    -0.0
                ],
                [
                    0.10548184941208678,
                    -0.9238795325112867,
                    -0.36785892520276314,
                    -0.0
                ],
                [
                    0.2546557114348564,
                    0.3826834323650898,
                    -0.8880900062645007,
                    -0.0
                ]
            ]
        },
        {
            "transform_matrix": [
                [
                    0.9659258262890683,
                    0.0,
                    0.25881904510252074,
                    -0.0
                ],
                [
                    0.09904576054128762,
                    -0.9238795325112867,
                    -0.3696438106143861,
                    -0.0
                ],
                [
                    0.23911761839433449,
                    0.3826834323650898,
                    -0.8923991008325228,
                    -0.0
                ]
            ]
        },
        {
            "transform_matrix": [
                [
                    0.9702957262759965,
                    0.0,
                    0.24192189559966773,
                    -0.0
                ],
                [
                    0.09257950137234976,
                    -0.9238795325112867,
                    -0.37131609894047596,
                    -0.0
                ],
                [
                    0.22350668781086533,
                    0.3826834323650898,
                    -0.8964363619895671,
                    -0.0
                ]
            ]
        },
        {
            "transform_matrix": [
                [
                    0.9743700647852352,
                    0.0,
                    0.22495105434386498,
                    -0.0
                ],
                [
                    0.08608504159045609,
                    -0.9238795325112867,
                    -0.3728752807858087,
                    -0.0
                ],
                [
                    0.20782767492513105,
                    0.3826834323650898,
                    -0.9002005599467753,
                    -0.0
                ]
            ]
        },
        {
            "transform_matrix": [
                [
                    0.9781476007338057,
                    0.0,
                    0.20791169081775931,
                    -0.0
                ],
                [
                    0.07956435947096946,
                    -0.9238795325112867,
                    -0.37432088120849016,
                    -0.0
                ],
                [
                    0.19208535571634267,
                    0.3826834323650898,
                    -0.9036905480929851,
                    -0.0
                ]
            ]
        },
        {
            "transform_matrix": [
                [
                    0.981627183447664,
                    0.0,
                    0.1908089953765448,
                    -0.0
                ],
                [
                    0.07301944127683072,
                    -0.9238795325112867,
                    -0.3756524598646277,
                    -0.0
                ],
                [
                    0.17628452544743048,
                    0.3826834323650898,
                    -0.9069052633439989,
                    -0.0
                ]
            ]
        },
        {
            "transform_matrix": [
                [
                    0.984807753012208,
                    0.0,
                    0.17364817766693033,
                    -0.0
                ],
                [
                    0.06645228065352382,
                    -0.9238795325112867,
                    -0.37686961114246337,
                    -0.0
                ],
                [
                    0.16042999720436046,
                    0.3826834323650898,
                    -0.9098437264664094,
                    -0.0
                ]
            ]
        },
        {
            "transform_matrix": [
                [
                    0.9876883405951378,
                    0.0,
                    0.15643446504023087,
                    -0.0
                ],
                [
                    0.05986487802179219,
                    -0.9238795325112867,
                    -0.37797196428592716,
                    -0.0
                ],
                [
                    0.14452660043002172,
                    0.3826834323650898,
                    -0.9125050423758845,
                    -0.0
                ]
            ]
        },
        {
            "transform_matrix": [
                [
                    0.9902680687415704,
                    0.0,
                    0.13917310096006544,
                    -0.0
                ],
                [
                    0.05325923996829102,
                    -0.9238795325112867,
                    -0.3789591835075728,
                    -0.0
                ],
                [
                    0.12857917945313138,
                    0.3826834323650898,
                    -0.9148884004098168,
                    -0.0
                ]
            ]
        },
        {
            "transform_matrix": [
                [
                    0.992546151641322,
                    0.0,
                    0.12186934340514748,
                    -0.0
                ],
                [
                    0.046637378634361654,
                    -0.9238795325112867,
                    -0.379830968090862,
                    -0.0
                ],
                [
                    0.11259259201260512,
                    0.3826834323650898,
                    -0.9169930745742613,
                    -0.0
                ]
            ]
        },
        {
            "transform_matrix": [
                [
                    0.9945218953682733,
                    0.0,
                    0.10452846326765346,
                    -0.0
                ],
                [
                    0.040001311103113835,
                    -0.9238795325112867,
                    -0.3805870524817655,
                    -0.0
                ],
                [
                    0.09657170777784288,
                    0.3826834323650898,
                    -0.9188184237650792,
                    -0.0
                ]
            ]
        },
        {
            "transform_matrix": [
                [
                    0.9961946980917455,
                    0.0,
                    0.08715574274765817,
                    -0.0
                ],
                [
                    0.03335305878500261,
                    -0.9238795325112867,
                    -0.3812272063696535,
                    -0.0
                ],
                [
                    0.0805214068653804,
                    0.3826834323650898,
                    -0.9203638919632243,
                    -0.0
                ]
            ]
        },
        {
            "transform_matrix": [
                [
                    0.9975640502598242,
                    0.0,
                    0.0697564737441253,
                    -0.0
                ],
                [
                    0.026694646802087135,
                    -0.9238795325112867,
                    -0.38175123475745043,
                    -0.0
                ],
                [
                    0.06444657835235833,
                    0.3826834323650898,
                    -0.9216290084041121,
                    -0.0
                ]
            ]
        },
        {
            "transform_matrix": [
                [
                    0.9986295347545738,
                    0.0,
                    0.05233595624294383,
                    -0.0
                ],
                [
                    0.020028103371158894,
                    -0.9238795325112867,
                    -0.38215897802103305,
                    -0.0
                ],
                [
                    0.0483521187872621,
                    0.3826834323650898,
                    -0.9226133877210194,
                    -0.0
                ]
            ]
        },
        {
            "transform_matrix": [
                [
                    0.9993908270190958,
                    0.0,
                    0.03489949670250097,
                    -0.0
                ],
                [
                    0.013355459185927204,
                    -0.9238795325112867,
                    -0.3824503119578533,
                    -0.0
                ],
                [
                    0.03224293069838579,
                    0.3826834323650898,
                    -0.9233167300624704,
                    -0.0
                ]
            ]
        },
        {
            "transform_matrix": [
                [
                    0.9998476951563913,
                    0.0,
                    0.01745240643728351,
                    -0.0
                ],
                [
                    0.006678746798450242,
                    -0.9238795325112867,
                    -0.38262514782477175,
                    -0.0
                ],
                [
                    0.01612392110047446,
                    0.3826834323650898,
                    -0.9237388211835743,
                    -0.0
                ]
            ]
        },
        {
            "transform_matrix": [
                [
                    1.0,
                    0.0,
                    0.0,
                    -0.0
                ],
                [
                    0.0,
                    -0.9238795325112867,
                    -0.3826834323650898,
                    -0.0
                ],
                [
                    0.0,
                    0.3826834323650898,
                    -0.9238795325112867,
                    -0.0
                ]
            ]
        },
        {
            "transform_matrix": [
                [
                    0.9998476951563913,
                    0.0,
                    -0.01745240643728351,
                    -0.0
                ],
                [
                    -0.006678746798450242,
                    -0.9238795325112867,
                    -0.38262514782477175,
                    -0.0
                ],
                [
                    -0.01612392110047446,
                    0.3826834323650898,
                    -0.9237388211835743,
                    -0.0
                ]
            ]
        },
        {
            "transform_matrix": [
                [
                    0.9993908270190958,
                    0.0,
                    -0.03489949670250097,
                    -0.0
                ],
                [
                    -0.013355459185927204,
                    -0.9238795325112867,
                    -0.3824503119578533,
                    -0.0
                ],
                [
                    -0.03224293069838579,
                    0.3826834323650898,
                    -0.9233167300624704,
                    -0.0
                ]
            ]
        },
        {
            "transform_matrix": [
                [
                    0.9986295347545738,
                    0.0,
                    -0.05233595624294383,
                    -0.0
                ],
                [
                    -0.020028103371158894,
                    -0.9238795325112867,
                    -0.38215897802103305,
                    -0.0
                ],
                [
                    -0.0483521187872621,
                    0.3826834323650898,
                    -0.9226133877210194,
                    -0.0
                ]
            ]
        },
        {
            "transform_matrix": [
                [
                    0.9975640502598242,
                    0.0,
                    -0.0697564737441253,
                    -0.0
                ],
                [
                    -0.026694646802087135,
                    -0.9238795325112867,
                    -0.38175123475745043,
                    -0.0
                ],
                [
                    -0.06444657835235833,
                    0.3826834323650898,
                    -0.9216290084041121,
                    -0.0
                ]
            ]
        },
        {
            "transform_matrix": [
                [
                    0.9961946980917455,
                    0.0,
                    -0.08715574274765817,
                    -0.0
                ],
                [
                    -0.03335305878500261,
                    -0.9238795325112867,
                    -0.3812272063696535,
                    -0.0
                ],
                [
                    -0.0805214068653804,
                    0.3826834323650898,
                    -0.9203638919632243,
                    -0.0
                ]
            ]
        },
        {
            "transform_matrix": [
                [
                    0.9945218953682733,
                    0.0,
