{
    "camera_angle_x": 0.8279103882874479,
    "frames": [
        {
            "transform_matrix": [
                [
                    1.0,
                    0.0,
                    0.0,
                    -0.0
                ],
                [
                    0.0,
                    -1.0,
                    0.0,
                    -0.0
                ],
                [
                    0.0,
                    0.0,
                    -1.0,
                    -0.0
                ]
            ]
        },
        {
            "transform_matrix": [
                [
                    0.9396926207859083,
                    0.0,
                    -0.34202014332566877,
                    -0.0
                ],
                [
                    0.0,
                    -1.0,
                    0.0,
                    -0.0
                ],
                [
                    -0.34202014332566877,
                    0.0,
                    -0.9396926207859083,
                    -0.0
                ]
            ]
        },
        {
            "transform_matrix": [
                [
                    0.7660444431189782,
                    0.0,
                    -0.6427876096865393,
                    -0.0
                ],
                [
                    0.0,
                    -1.0,
                    0.0,
                    -0.0
                ],
                [
                    -0.6427876096865393,
                    0.0,
                    -0.7660444431189782,
                    -0.0
                ]
            ]
        },
        {
            "transform_matrix": [
                [
                    0.5000000000000001,
                    0.0,
                    -0.8660254037844385,
                    -0.0
                ],
                [
                    0.0,
                    -1.0,
                    0.0,
                    -0.0
                ],
                [
                    -0.8660254037844385,
                    0.0,
                    -0.5000000000000001,
                    -0.0
                ]
            ]
        },
        {
            "transform_matrix": [
                [
                    0.9396926207859083,
                    0.0,
                    0.34202014332566877,
                    -0.0
                ],
                [
                    0.0,
                    -1.0,
                    0.0,
                    -0.0
                ],
                [
                    0.34202014332566877,
                    0.0,
                    -0.9396926207859083,
                    -0.0
                ]
            ]
        },
        {
            "transform_matrix": [
                [
                    0.7660444431189782,
                    0.0,
                    0.6427876096865393,
                    -0.0
                ],
                [
                    0.0,
                    -1.0,
                    0.0,
                    -0.0
                ],
                [
                    0.6427876096865393,
                    0.0,
                    -0.7660444431189782,
                    -0.0
                ]
            ]
        },
        {
            "transform_matrix": [
                [
                    0.5000000000000001,
                    0.0,
                    0.8660254037844385,
                    -0.0
                ],
                [
                    0.0,
                    -1.0,
                    0.0,
                    -0.0
                ],
                [
                    0.8660254037844385,
                    0.0,
                    -0.5000000000000001,
                    -0.0
                ]
            ]
        },
        {
            "transform_matrix": [
                [
                    1.0,
                    0.0,
                    0.0,
                    -0.0
                ],
                [
                    0.0,
                    -0.9238795325112866,
                    -0.3826834323650898,
                    -0.0
                ],
                [
                    0.0,
                    0.3826834323650898,
                    -0.9238795325112866,
                    -0.0
                ]
            ]
        },
        {
            "transform_matrix": [
                [
                    0.9396926207859083,
                    0.0,
                    -0.34202014332566877,
                    -0.0
                ],
                [
                    -0.13088544238586688,
                    -0.9238795325112866,
                    -0.3596047974904981,
                    -0.0
                ],
                [
                    -0.3159854101251621,
                    0.3826834323650898,
                    -0.8681627791959907,
                    -0.0
                ]
            ]
        },
        {
            "transform_matrix": [
                [
                    0.7660444431189782,
                    0.0,
                    -0.6427876096865393,
                    -0.0
                ],
                [
                    -0.24598416875659648,
                    -0.9238795325112866,
                    -0.29315251683697435,
                    -0.0
                ],
                [
                    -0.5938583163412473,
                    0.3826834323650898,
                    -0.7077327819916305,
                    -0.0
                ]
            ]
        },
        {
            "transform_matrix": [
                [
                    0.5000000000000001,
                    0.0,
                    -0.8660254037844385,
                    -0.0
                ],
                [
                    -0.33141357403559174,
                    -0.9238795325112866,
                    -0.19134171618254495,
                    -0.0
                ],
                [
                    -0.8001031451912652,
                    0.3826834323650898,
                    -0.4619397662556434,
                    -0.0
                ]
            ]
        },
        {
            "transform_matrix": [
                [
                    0.9396926207859083,
                    0.0,
                    0.34202014332566877,
                    -0.0
                ],
                [
                    0.13088544238586688,
                    -0.9238795325112866,
                    -0.3596047974904981,
                    -0.0
                ],
                [
                    0.3159854101251621,
                    0.3826834323650898,
                    -0.8681627791959907,
                    -0.0
                ]
            ]
        },
        {
            "transform_matrix": [
                [
                    0.7660444431189782,
                    0.0,
                    0.6427876096865393,
                    -0.0
                ],
                [
                    0.24598416875659648,
                    -0.9238795325112866,
                    -0.29315251683697435,
                    -0.0
                ],
                [
                    0.5938583163412473,
                    0.3826834323650898,
                    -0.7077327819916305,
                    -0.0
                ]
            ]
        },
        {
            "transform_matrix": [
                [
                    0.5000000000000001,
                    0.0,
                    0.8660254037844385,
                    -0.0
                ],
                [
                    0.33141357403559174,
                    -0.9238795325112866,
                    -0.19134171618254495,
                    -0.0
                ],
                [
                    0.8001031451912652,
                    0.3826834323650898,
                    -0.4619397662556434,
                    -0.0
                ]
            ]
        }
    ]
}